number of runs;  1.000
input type;      mixed (11)
---------
Limit per run;      69.080;   31.070;   69.080;  425.860;   31.070;   69.080;   31.070;  425.860;   69.080;  921.030;  425.860;  921.030;   31.070;   31.070;   69.080;  425.860;  921.030;  425.860;  921.030;   31.070;   69.080;  921.030;5.409.890;  425.860;5.409.890;  921.030;5.409.890;5.409.890;    4.610;5.409.890;    4.610;5.409.890;      600;    4.610;      600;      600;      600;      600;    4.610;      600;    4.610;    4.610;    1.960;    1.960;    1.960;    1.960;    1.960;    1.960
array length;        1.000;      500;    1.000;    5.000;      500;    1.000;      500;    5.000;    1.000;   10.000;    5.000;   10.000;      500;      500;    1.000;    5.000;   10.000;    5.000;   10.000;      500;    1.000;   10.000;   50.000;    5.000;   50.000;   10.000;   50.000;   50.000;      100;   50.000;      100;   50.000;       20;      100;       20;       20;       20;       20;      100;       20;      100;      100;       50;       50;       50;       50;       50;       50
---------
algo type;           RLS-R;    RLS-R;     pmut;    RLS-R;     pmut;    RLS-R;    RLS-R;     pmut;    EA-SM;    RLS-R;    RLS-R;     pmut;    EA-SM;     pmut;     pmut;     pmut;    RLS-R;    EA-SM;     pmut;    EA-SM;    EA-SM;    EA-SM;     pmut;    EA-SM;     pmut;    EA-SM;    RLS-R;    RLS-R;    RLS-R;    EA-SM;    RLS-R;    EA-SM;    RLS-R;    EA-SM;    RLS-R;     pmut;     pmut;    EA-SM;    EA-SM;    EA-SM;     pmut;     pmut;    RLS-R;    EA-SM;    RLS-R;     pmut;     pmut;    EA-SM
algo param;            r=3;      r=3;    -2,00;      r=3;    -2,00;      r=4;      r=4;    -2,00;      2/n;      r=3;      r=4;    -2,00;      2/n;    -1,75;    -1,75;    -1,75;      r=4;      2/n;    -1,75;      3/n;      3/n;      2/n;    -2,00;      3/n;    -1,75;      3/n;      r=3;      r=4;      r=4;      2/n;      r=3;      3/n;      r=4;      3/n;      r=3;    -1,75;    -2,00;      3/n;      2/n;      2/n;    -1,75;    -2,00;      r=4;      3/n;      r=3;    -1,75;    -2,00;      2/n
avg mut/change;      1,758;    1,713;    3,100;    1,836;    2,663;    2,066;    2,014;    4,627;    1,909;    1,877;    2,218;    5,846;    1,856;    3,583;    4,313;    8,619;    2,264;    2,050;   11,099;    2,404;    2,503;    2,099;    7,670;    2,732;   24,213;    2,795;    1,932;    2,385;    1,930;    2,199;    1,670;    2,954;    1,983;    2,286;    1,742;    2,008;    1,889;    2,328;    1,772;    1,848;    2,395;    2,085;    1,932;    2,240;    1,683;    2,201;    1,986;    1,780
avg mut/step;        2,000;    2,001;    6,239;    2,002;    5,512;    2,502;    2,501;    7,688;    1,999;    2,001;    2,502;    8,554;    1,999;    9,007;   11,281;   18,231;    2,501;    1,999;   22,612;    3,002;    3,003;    2,001;   10,279;    3,003;   35,579;    2,998;    2,001;    2,502;    2,499;    2,003;    1,999;    2,996;    2,499;    2,999;    2,000;    2,809;    2,516;    3,002;    1,999;    2,000;    5,236;    3,954;    2,500;    3,000;    2,000;    4,047;    3,316;    2,000
---------
total avg count;       274;      282;      307;      308;      309;      317;      318;      323;      333;      336;      338;      344;      347;      358;      361;      368;      368;      370;      372;      394;      395;      399;      419;      420;      424;      449;      462;      479;      492;      509;      522;      524;      549;      553;      556;      557;      558;      560;      561;      561;      597;      618;      788;      819;      834;      854;      871;      876
avg eval count;        274;      282;      307;      308;      309;      317;      318;      323;      333;      336;      338;      344;      347;      358;      361;      368;      368;      370;      372;      394;      395;      399;      419;      420;      424;      449;      462;      479;      446;      509;      447;      524;      257;      520;      262;      292;      273;      285;      499;      275;      511;      482;      535;      582;      468;      553;      559;      560
max eval count;        850;      712;      990;      778;    1.229;    1.088;      961;      943;    1.022;      981;      941;      883;    1.086;    1.320;    1.130;      940;      926;      995;    1.219;    1.339;    1.327;    1.051;    1.099;    1.110;    1.251;    1.261;    1.172;    1.237;    4.476;    1.448;    4.436;    1.400;      600;    3.626;      600;      600;      593;      600;    4.503;      595;    4.301;    4.377;    1.957;    1.956;    1.933;    1.958;    1.934;    1.959
min eval count;         12;       22;       30;       25;       30;       40;       19;       14;       25;       45;       48;       32;        8;       34;       25;       37;       31;       50;       32;       32;       29;       25;        9;       35;       45;       44;        0;       54;        6;       40;       17;       67;       21;       23;       10;       44;       22;       17;       22;       42;       25;       18;       15;        8;        6;        7;        8;       15
---------
fails;                   0;        0;        0;        0;        0;        0;        0;        0;        0;        0;        0;        0;        0;        0;        0;        0;        0;        0;        0;        0;        0;        0;        0;        0;        0;        0;        0;        0;       11;        0;       18;        0;      854;        8;      870;      862;      873;      875;       15;      881;       21;       33;      178;      172;      245;      214;      223;      226
fail ratio;          0,000;    0,000;    0,000;    0,000;    0,000;    0,000;    0,000;    0,000;    0,000;    0,000;    0,000;    0,000;    0,000;    0,000;    0,000;    0,000;    0,000;    0,000;    0,000;    0,000;    0,000;    0,000;    0,000;    0,000;    0,000;    0,000;    0,000;    0,000;    0,011;    0,000;    0,018;    0,000;    0,854;    0,008;    0,870;    0,862;    0,873;    0,875;    0,015;    0,881;    0,021;    0,033;    0,178;    0,172;    0,245;    0,214;    0,223;    0,226
avg fail dif;           -1;       -1;       -1;       -1;       -1;       -1;       -1;       -1;       -1;       -1;       -1;       -1;       -1;       -1;       -1;       -1;       -1;       -1;       -1;       -1;       -1;       -1;       -1;       -1;       -1;       -1;       -1;       -1;        1;       -1;        3;       -1;    1.259;        1;    1.326;    1.223;    1.224;    1.210;        1;    1.260;        1;        1;       26;       10;       77;        9;       10;       76
---------
RLS     -> standard RLS: uniform random neighbour with Hamming Distance == 1
RLS-N   -> modified RLS: uniform random neighbour with Hamming Distance <= n
RLS-R   -> modified RLS: uniform random neighbour with Hamming Distance == x, where x is chosen uniform random from {1,...,r}
EA      -> standard EA : each bit is flipped with prob 1/n
EA-SM   -> modified EA : each bit is flipped with prob c/n
fmut    -> 1 bit flip with prob p and uniform random amount with 1-p
pmut    -> flips k random bits where k is chosen from powerlaw distribution
