---------
Limit per run;       100.000;    100.000;    100.000;    100.000;    100.000;    100.000;    100.000;    100.000;    100.000;    100.000;    100.000;    100.000;    100.000;    100.000;    100.000;    100.000;    100.000;    100.000;    100.000;    100.000;    100.000;    100.000;    100.000;    100.000;    100.000;    100.000;    100.000;    100.000;    100.000;    100.000;    425.860;    425.860;    425.860;    425.860;    425.860;    425.860;    921.030;    921.030;    921.030;    921.030;    921.030;    921.030;  5.409.890;  5.409.890;  5.409.890;  5.409.890;  5.409.890;  5.409.890
array length;             20;         20;         20;         20;         20;         20;         50;         50;         50;         50;         50;         50;        100;        100;        100;        100;        100;        100;        500;        500;        500;        500;        500;        500;      1.000;      1.000;      1.000;      1.000;      1.000;      1.000;      5.000;      5.000;      5.000;      5.000;      5.000;      5.000;     10.000;     10.000;     10.000;     10.000;     10.000;     10.000;     50.000;     50.000;     50.000;     50.000;     50.000;     50.000
---------
algo type;               RLS;      RLS-R;         EA;      EA-SM;       pmut;       pmut;        RLS;      RLS-R;         EA;      EA-SM;       pmut;       pmut;        RLS;      RLS-R;         EA;      EA-SM;       pmut;       pmut;        RLS;      RLS-R;         EA;      EA-SM;       pmut;       pmut;        RLS;      RLS-R;         EA;      EA-SM;       pmut;       pmut;        RLS;      RLS-R;         EA;      EA-SM;       pmut;       pmut;        RLS;      RLS-R;         EA;      EA-SM;       pmut;       pmut;        RLS;      RLS-R;         EA;      EA-SM;       pmut;       pmut
algo param;                -;        r=2;          -;        2/n;      -3,00;      -3,25;          -;        r=2;          -;        2/n;      -3,00;      -3,25;          -;        r=2;          -;        2/n;      -3,00;      -3,25;          -;        r=2;          -;        2/n;      -3,00;      -3,25;          -;        r=2;          -;        2/n;      -3,00;      -3,25;          -;        r=2;          -;        2/n;      -3,00;      -3,25;          -;        r=2;          -;        2/n;      -3,00;      -3,25;          -;        r=2;          -;        2/n;      -3,00;      -3,25
avg mut/change;        1,000;      1,433;      1,546;      1,962;      1,708;      1,645;      1,000;      1,418;      1,439;      1,847;      1,559;      1,482;      1,000;      1,395;      1,401;      1,841;      1,520;      1,439;      1,000;      1,407;      1,429;      1,932;      1,569;      1,500;      1,000;      1,424;      1,456;      1,982;      1,654;      1,523;      1,000;      1,446;      1,505;      2,119;      1,738;      1,621;      1,000;      1,464;      1,523;      2,156;      1,795;      1,635;      1,000;      1,481;      1,551;      2,228;      1,854;      1,681
avg mut/step;          1,000;      1,499;      1,000;      2,000;      1,753;      1,637;      1,000;      1,500;      1,000;      2,000;      1,857;      1,698;      1,000;      1,500;      1,000;      1,998;      1,895;      1,714;      1,000;      1,500;      1,001;      2,000;      1,924;      1,725;      1,000;      1,499;      0,997;      2,001;      1,935;      1,728;      1,000;      1,497;      1,000;      1,998;      1,926;      1,725;      1,000;      1,500;      0,999;      2,002;      1,934;      1,725;      1,000;      1,500;      1,000;      2,001;      1,925;      1,729
---------
total avg count;      98.401;     89.042;     75.612;     61.110;     64.022;     66.100;     77.332;     24.854;     13.991;      6.517;     11.578;     13.072;     41.216;      2.406;      2.552;      1.295;      1.869;      2.380;        322;        300;        431;        457;        311;        283;        232;        289;        421;        432;        274;        268;        288;        325;        492;        478;        319;        313;        337;        364;        556;        507;        345;        332;        534;        510;        782;        636;        474;        475
avg eval count;           71;        386;     15.614;     15.273;     17.101;     17.918;        145;        993;      7.018;      5.190;      5.633;      7.228;        198;      1.020;      2.062;      1.295;      1.475;      1.691;        222;        300;        431;        457;        311;        283;        232;        289;        421;        432;        274;        268;        288;        325;        492;        478;        319;        313;        337;        364;        556;        507;        345;        332;        534;        510;        782;        636;        474;        475
max eval count;          134;      1.805;     99.521;     96.298;     98.988;     98.884;        425;     12.782;     96.398;     97.400;     98.911;     97.371;        886;     37.466;     61.740;     31.711;     66.267;     91.310;      1.396;      1.544;      5.712;      4.577;     15.708;      1.688;      3.516;      1.222;      2.123;      1.871;      1.057;      1.157;      1.155;      1.110;      1.736;      2.152;        973;      1.364;      1.094;      1.493;      1.918;      2.363;      1.194;      1.204;      1.811;      1.555;      2.764;      2.021;      1.588;      1.518
min eval count;           11;         12;          2;          4;         20;         13;         15;         22;         39;         14;          8;          5;         19;         30;         23;          9;          4;          7;         19;         33;         30;         12;         42;         18;         12;         38;         40;         27;         18;         30;         40;         48;         86;         51;         13;         40;         31;         16;         36;         15;         35;         49;         40;         39;         82;         68;         51;         49
---------
fails;                   984;        890;        711;        541;        566;        587;        773;        241;         75;         14;         63;         63;        411;         14;          5;          0;          4;          7;          1;          0;          0;          0;          0;          0;          0;          0;          0;          0;          0;          0;          0;          0;          0;          0;          0;          0;          0;          0;          0;          0;          0;          0;          0;          0;          0;          0;          0;          0
fail ratio;            0,984;      0,890;      0,711;      0,541;      0,566;      0,587;      0,773;      0,241;      0,075;      0,014;      0,063;      0,063;      0,411;      0,014;      0,005;      0,000;      0,004;      0,007;      0,001;      0,000;      0,000;      0,000;      0,000;      0,000;      0,000;      0,000;      0,000;      0,000;      0,000;      0,000;      0,000;      0,000;      0,000;      0,000;      0,000;      0,000;      0,000;      0,000;      0,000;      0,000;      0,000;      0,000;      0,000;      0,000;      0,000;      0,000;      0,000;      0,000
avg fail dif;          2.261;      1.144;      1.136;      1.459;      1.394;      1.345;        288;         47;         19;          2;          1;          2;         20;          1;          1;         -1;          1;          1;          1;         -1;         -1;         -1;         -1;         -1;         -1;         -1;         -1;         -1;         -1;         -1;         -1;         -1;         -1;         -1;         -1;         -1;         -1;         -1;         -1;         -1;         -1;         -1;         -1;         -1;         -1;         -1;         -1;         -1
