number of runs;  1.000
input type;      mixed (11)
---------
Limit per run;       100.000;    100.000;    100.000;    100.000;    425.860;    100.000;    100.000;    100.000;    425.860;    425.860;    100.000;    425.860;    921.030;    921.030;    921.030;    921.030;    100.000;    100.000;    100.000;    100.000;  5.409.890;  5.409.890;    425.860;    425.860;    921.030;  5.409.890;  5.409.890;    921.030;  5.409.890;  5.409.890;    100.000;    100.000;    100.000;    100.000;    100.000;    100.000;    100.000;    100.000;    100.000;    100.000;    100.000;    100.000;    100.000;    100.000;    100.000;    100.000;    100.000;    100.000
array length;          1.000;      1.000;      1.000;        500;      5.000;      1.000;        500;        500;      5.000;      5.000;        500;      5.000;     10.000;     10.000;     10.000;     10.000;      1.000;        500;      1.000;        500;     50.000;     50.000;      5.000;      5.000;     10.000;     50.000;     50.000;     10.000;     50.000;     50.000;        100;        100;        100;        100;        100;         50;         50;         50;         50;         50;        100;         20;         20;         20;         20;         50;         20;         20
---------
algo type;               RLS;       pmut;       pmut;       pmut;        RLS;      RLS-R;      RLS-R;       pmut;       pmut;       pmut;        RLS;      RLS-R;       pmut;        RLS;       pmut;      RLS-R;         EA;         EA;      EA-SM;      EA-SM;       pmut;       pmut;      EA-SM;         EA;      EA-SM;      RLS-R;        RLS;         EA;      EA-SM;         EA;      EA-SM;       pmut;       pmut;      RLS-R;         EA;      EA-SM;       pmut;       pmut;         EA;      RLS-R;        RLS;      EA-SM;       pmut;       pmut;         EA;        RLS;      RLS-R;        RLS
algo param;                -;      -3,25;      -3,00;      -3,25;          -;        r=2;        r=2;      -3,00;      -3,25;      -3,00;          -;        r=2;      -3,25;          -;      -3,00;        r=2;          -;          -;        2/n;        2/n;      -3,00;      -3,25;        2/n;          -;        2/n;        r=2;          -;          -;        2/n;          -;        2/n;      -3,00;      -3,25;        r=2;          -;        2/n;      -3,00;      -3,25;          -;        r=2;          -;        2/n;      -3,00;      -3,25;          -;          -;        r=2;          -
avg mut/change;        1,000;      1,523;      1,654;      1,500;      1,000;      1,424;      1,407;      1,569;      1,621;      1,738;      1,000;      1,446;      1,635;      1,000;      1,795;      1,464;      1,456;      1,429;      1,982;      1,932;      1,854;      1,681;      2,119;      1,505;      2,156;      1,481;      1,000;      1,523;      2,228;      1,551;      1,841;      1,520;      1,439;      1,395;      1,401;      1,847;      1,559;      1,482;      1,439;      1,418;      1,000;      1,962;      1,708;      1,645;      1,546;      1,000;      1,433;      1,000
avg mut/step;          1,000;      1,728;      1,935;      1,725;      1,000;      1,499;      1,500;      1,924;      1,725;      1,926;      1,000;      1,497;      1,725;      1,000;      1,934;      1,500;      0,997;      1,001;      2,001;      2,000;      1,925;      1,729;      1,998;      1,000;      2,002;      1,500;      1,000;      0,999;      2,001;      1,000;      1,998;      1,895;      1,714;      1,500;      1,000;      2,000;      1,857;      1,698;      1,000;      1,500;      1,000;      2,000;      1,753;      1,637;      1,000;      1,000;      1,499;      1,000
---------
total avg count;         232;        268;        274;        283;        288;        289;        300;        311;        313;        319;        322;        325;        332;        337;        345;        364;        421;        431;        432;        457;        474;        475;        478;        492;        507;        510;        534;        556;        636;        782;      1.295;      1.869;      2.380;      2.406;      2.552;      6.517;     11.578;     13.072;     13.991;     24.854;     41.216;     61.110;     64.022;     66.100;     75.612;     77.332;     89.042;     98.401
avg eval count;          232;        268;        274;        283;        288;        289;        300;        311;        313;        319;        222;        325;        332;        337;        345;        364;        421;        431;        432;        457;        474;        475;        478;        492;        507;        510;        534;        556;        636;        782;      1.295;      1.475;      1.691;      1.020;      2.062;      5.190;      5.633;      7.228;      7.018;        993;        198;     15.273;     17.101;     17.918;     15.614;        145;        386;         71
max eval count;        3.516;      1.157;      1.057;      1.688;      1.155;      1.222;      1.544;     15.708;      1.364;        973;      1.396;      1.110;      1.204;      1.094;      1.194;      1.493;      2.123;      5.712;      1.871;      4.577;      1.588;      1.518;      2.152;      1.736;      2.363;      1.555;      1.811;      1.918;      2.021;      2.764;     31.711;     66.267;     91.310;     37.466;     61.740;     97.400;     98.911;     97.371;     96.398;     12.782;        886;     96.298;     98.988;     98.884;     99.521;        425;      1.805;        134
min eval count;           12;         30;         18;         18;         40;         38;         33;         42;         40;         13;         19;         48;         49;         31;         35;         16;         40;         30;         27;         12;         51;         49;         51;         86;         15;         39;         40;         36;         68;         82;          9;          4;          7;         30;         23;         14;          8;          5;         39;         22;         19;          4;         20;         13;          2;         15;         12;         11
---------
fails;                     0;          0;          0;          0;          0;          0;          0;          0;          0;          0;          1;          0;          0;          0;          0;          0;          0;          0;          0;          0;          0;          0;          0;          0;          0;          0;          0;          0;          0;          0;          0;          4;          7;         14;          5;         14;         63;         63;         75;        241;        411;        541;        566;        587;        711;        773;        890;        984
fail ratio;            0,000;      0,000;      0,000;      0,000;      0,000;      0,000;      0,000;      0,000;      0,000;      0,000;      0,001;      0,000;      0,000;      0,000;      0,000;      0,000;      0,000;      0,000;      0,000;      0,000;      0,000;      0,000;      0,000;      0,000;      0,000;      0,000;      0,000;      0,000;      0,000;      0,000;      0,000;      0,004;      0,007;      0,014;      0,005;      0,014;      0,063;      0,063;      0,075;      0,241;      0,411;      0,541;      0,566;      0,587;      0,711;      0,773;      0,890;      0,984
avg fail dif;             -1;         -1;         -1;         -1;         -1;         -1;         -1;         -1;         -1;         -1;          1;         -1;         -1;         -1;         -1;         -1;         -1;         -1;         -1;         -1;         -1;         -1;         -1;         -1;         -1;         -1;         -1;         -1;         -1;         -1;         -1;          1;          1;          1;          1;          2;          1;          2;         19;         47;         20;      1.459;      1.394;      1.345;      1.136;        288;      1.144;      2.261
---------
RLS     -> standard RLS: uniform random neighbour with Hamming Distance == 1
RLS-N   -> modified RLS: uniform random neighbour with Hamming Distance <= n
RLS-R   -> modified RLS: uniform random neighbour with Hamming Distance == x, where x is chosen uniform random from {1,...,r}
EA      -> standard EA : each bit is flipped with prob 1/n
EA-SM   -> modified EA : each bit is flipped with prob c/n
fmut    -> 1 bit flip with prob p and uniform random amount with 1-p
pmut    -> flips k random bits where k is chosen from powerlaw distribution
