Input: [1, 1, 1, 1, 1, 1, 1, 1, 1, 1, ..., 900, 900, 900, 900, 900, 900, 900, 900, 900, 900]
input type:      5
array length:    10000
number of runs:  1000
ratio 100 * m/n: 0,09814 -> easy
Fields with sum: 10
---------
Limit per run:   921030
avg eval count:  1480;1977;1450;1201; 840; 712; 342;  90;  63
max eval count:  7984;9294;6270;5231;4678;4093;1325;1014; 238
min eval count:     1;   0;   0;   0;   0;   0;   0;   0;   0
---------
fails:              0;   0;   0;   0;   0;   0;   0;   0;   0
fail ratio:      0,000;0,000;0,000;0,000;0,000;0,000;0,000;0,000;0,000
avg fail dif:      -1;  -1;  -1;  -1;  -1;  -1;  -1;  -1;  -1
---------
avg mut/change:  1,000;1,461;1,822;2,234;3,137;4,089;10,013;50,013;99,898
avg mut/step:    1,000;1,000;1,499;2,000;3,001;4,002;9,994;50,015;100,003