Input: [1, 1, 1, 1, 1, 1, 1, 1, 1, 1, ..., 1, 1, 1, 1, 1, 1651, 1651, 1651, 1651, 1651]
input type:      5
array length:    10000
number of runs:  1000
ratio 100 * m/n: 0,10689 -> easy
Fields with sum: 5
---------
Limit per run:   921030
avg eval count:    2367;  3379;  2498;  2112;  1635;  1405;   988;   872;  1287
max eval count:   10580; 12559; 10250;  9241;  8329;  7617;  1675;  1199;  2200
min eval count:    1493;  2267;  1790;  1478;  1198;  1047;   769;   596;   798
---------
fails:                0;     0;     0;     0;     0;     0;     0;     0;     0
fail ratio:       0,000; 0,000; 0,000; 0,000; 0,000; 0,000; 0,000; 0,000; 0,000
avg fail dif:        -1;    -1;    -1;    -1;    -1;    -1;    -1;    -1;    -1
---------
avg mut/change:   1,000; 1,452; 1,813; 2,218; 3,119; 4,059; 9,929;49,572;99,272
avg mut/step:     1,000; 1,000; 1,500; 2,002; 3,000; 3,997;10,000;49,999;100,003