Input: [1, 1, 1, 1, 1, 1, 1, 1, 1, 1, ..., 1, , 997, , 997, , 997, , 997, , 997, , 997, , 997, , 997, , 997, ]
input type:     5
array length:   10000
number of runs: 1000
Field with sum: 10
Limit per run:  921030
avg eval count: 1750;2249;1627;1348;1036;844;524
max eval count: 7192;11886;7300;5034;3763;3302;2668
min eval count: 750;1125;870;712;580;515;344
fails:          0;0;0;0;0;0;0
avg fail dif:   0;0;0;0;0;0;0
avg mut/change: 1,000;1,462;1,823;2,237;3,138;4,091;10,008
avg mut/step  : 1,000;1,000;1,500;2,001;3,002;4,001;10,004
