---------
Limit per run;         100.000;      100.000;      100.000;      100.000;      100.000;      100.000;      100.000;      100.000;      100.000;      100.000;      100.000;      100.000;      100.000;      100.000;      100.000;      100.000;      100.000;      100.000;      100.000;      100.000;      100.000;      100.000;      100.000;      100.000;      100.000;      100.000;      100.000;      100.000;      100.000;      100.000;      425.860;      425.860;      425.860;      425.860;      425.860;      425.860;      921.030;      921.030;      921.030;      921.030;      921.030;      921.030;    5.409.890;    5.409.890;    5.409.890;    5.409.890;    5.409.890;    5.409.890
array length;               20;           20;           20;           20;           20;           20;           50;           50;           50;           50;           50;           50;          100;          100;          100;          100;          100;          100;          500;          500;          500;          500;          500;          500;        1.000;        1.000;        1.000;        1.000;        1.000;        1.000;        5.000;        5.000;        5.000;        5.000;        5.000;        5.000;       10.000;       10.000;       10.000;       10.000;       10.000;       10.000;       50.000;       50.000;       50.000;       50.000;       50.000;       50.000
---------
algo type;                 RLS;        RLS-R;        EA-SM;        EA-SM;         pmut;         pmut;          RLS;        RLS-R;        EA-SM;        EA-SM;         pmut;         pmut;          RLS;        RLS-R;        EA-SM;        EA-SM;         pmut;         pmut;          RLS;        RLS-R;        EA-SM;        EA-SM;         pmut;         pmut;          RLS;        RLS-R;        EA-SM;        EA-SM;         pmut;         pmut;          RLS;        RLS-R;        EA-SM;        EA-SM;         pmut;         pmut;          RLS;        RLS-R;        EA-SM;        EA-SM;         pmut;         pmut;          RLS;        RLS-R;        EA-SM;        EA-SM;         pmut;         pmut
algo param;                  -;          r=2;          2/n;          3/n;        -2,25;        -2,50;            -;          r=2;          2/n;          3/n;        -2,25;        -2,50;            -;          r=2;          2/n;          3/n;        -2,25;        -2,50;            -;          r=2;          2/n;          3/n;        -2,25;        -2,50;            -;          r=2;          2/n;          3/n;        -2,25;        -2,50;            -;          r=2;          2/n;          3/n;        -2,25;        -2,50;            -;          r=2;          2/n;          3/n;        -2,25;        -2,50;            -;          r=2;          2/n;          3/n;        -2,25;        -2,50
avg mut/change;          1,000;        1,425;        2,049;        2,595;        2,187;        2,064;        1,000;        1,390;        1,797;        2,257;        1,923;        1,772;        1,000;        1,360;        1,712;        2,137;        1,888;        1,683;        1,000;        1,343;        1,753;        2,238;        2,163;        1,807;        1,000;        1,358;        1,820;        2,323;        2,417;        1,942;        1,000;        1,413;        1,987;        2,613;        3,043;        2,304;        1,000;        1,431;        2,036;        2,730;        3,363;        2,448;        1,000;        1,464;        2,176;        2,917;        3,967;        2,715
avg mut/step;            1,000;        1,499;        2,000;        3,000;        2,272;        2,065;        1,000;        1,500;        2,000;        3,000;        2,770;        2,368;        1,000;        1,500;        2,000;        3,001;        3,100;        2,531;        1,000;        1,500;        2,002;        3,000;        3,684;        2,758;        1,000;        1,499;        2,002;        3,003;        3,917;        2,811;        1,000;        1,500;        2,000;        2,999;        4,230;        2,896;        1,000;        1,501;        2,001;        2,998;        4,317;        2,925;        1,000;        1,499;        2,001;        3,000;        4,531;        2,956
---------
total avg count;        99.000;       96.713;       82.055;       71.039;       76.678;       77.846;       92.711;       66.116;       40.620;       33.666;       41.544;       43.513;       73.864;       22.979;       16.133;       14.376;       17.107;       18.655;        4.506;          875;        1.379;        1.959;        1.271;        1.024;          492;          627;        1.077;        1.644;          780;          686;          410;          592;        1.021;        1.548;          723;          662;          436;          622;        1.045;        1.543;          717;          653;          582;          716;        1.119;        1.675;          809;          746
avg eval count;             56;          408;       22.985;       22.772;       25.726;       26.401;          151;        1.787;       15.292;       16.033;       16.012;       16.439;          245;        3.482;        8.442;        9.584;        8.608;        7.981;          424;          875;        1.379;        1.959;        1.271;        1.024;          392;          627;        1.077;        1.644;          780;          686;          410;          592;        1.021;        1.548;          723;          662;          436;          622;        1.045;        1.543;          717;          653;          582;          716;        1.119;        1.675;          809;          746
max eval count;            126;        1.176;       99.574;       99.220;       97.998;       99.787;          549;       15.119;       99.218;       99.890;       99.970;       99.015;          778;       63.968;       98.698;       96.639;       99.987;       99.431;        2.388;       43.925;       53.091;       49.687;       68.831;       52.518;        2.538;        7.637;       13.641;       13.743;        6.062;       22.103;        1.715;        2.256;        5.819;        6.250;        2.983;        2.858;        1.364;        2.404;        8.956;        7.553;        3.102;        3.067;        1.918;        2.621;        4.173;        8.389;        3.037;        2.577
min eval count;             16;           20;           26;           16;           31;           15;           23;           17;           30;           35;           38;           33;           37;           31;           35;           99;           13;           43;           43;           34;           56;           43;           24;           33;           23;           60;            7;           48;           45;            3;           55;           49;           36;           46;           45;           42;           44;           26;           31;           89;           60;           35;           24;           58;           80;          126;           73;           62
---------
fails;                     990;          967;          767;          625;          686;          699;          927;          655;          299;          210;          304;          324;          738;          202;           84;           53;           93;          116;           41;            0;            0;            0;            0;            0;            1;            0;            0;            0;            0;            0;            0;            0;            0;            0;            0;            0;            0;            0;            0;            0;            0;            0;            0;            0;            0;            0;            0;            0
fail ratio;              0,990;        0,967;        0,767;        0,625;        0,686;        0,699;        0,927;        0,655;        0,299;        0,210;        0,304;        0,324;        0,738;        0,202;        0,084;        0,053;        0,093;        0,116;        0,041;        0,000;        0,000;        0,000;        0,000;        0,000;        0,001;        0,000;        0,000;        0,000;        0,000;        0,000;        0,000;        0,000;        0,000;        0,000;        0,000;        0,000;        0,000;        0,000;        0,000;        0,000;        0,000;        0,000;        0,000;        0,000;        0,000;        0,000;        0,000;        0,000
avg fail dif;            1.746;          224;           14;           12;           12;           13;          238;           18;            1;            1;            1;            2;           45;            1;            1;            1;            1;            1;            2;           -1;           -1;           -1;           -1;           -1;            1;           -1;           -1;           -1;           -1;           -1;           -1;           -1;           -1;           -1;           -1;           -1;           -1;           -1;           -1;           -1;           -1;           -1;           -1;           -1;           -1;           -1;           -1;           -1
