number of runs;  1.000
input type;      geometric distributed (8)
---------
n value;         10.000
p;               0,001000
expected value;  1.000
---------
Limit per run;         100.000;      100.000;      100.000;      100.000;      100.000;      100.000;      100.000;      100.000;      100.000;      100.000;      100.000;      100.000;      100.000;      100.000;      100.000;      100.000;      100.000;      100.000;      100.000;      100.000;      100.000;      100.000;      100.000;      100.000;      100.000;      100.000;      100.000;      100.000;      100.000;      100.000;      100.000;      100.000;      100.000;      100.000;      100.000;      100.000;      100.000;      100.000;      100.000;      100.000;      100.000;      100.000
array length;           10.000;       10.000;       10.000;       10.000;        5.000;        5.000;        5.000;       10.000;        5.000;       10.000;        1.000;        5.000;        1.000;          500;          500;        1.000;        1.000;          500;        5.000;          500;          100;        1.000;          500;           50;          100;          100;          100;          100;           50;           50;           20;           50;        1.000;           20;           20;           20;           50;          500;           20;          100;           50;           20
---------
algo type;                 RLS;         pmut;         pmut;        RLS-R;        RLS-R;         pmut;         pmut;        EA-SM;        EA-SM;           EA;        RLS-R;           EA;        EA-SM;        RLS-R;        EA-SM;         pmut;         pmut;         pmut;          RLS;         pmut;        EA-SM;           EA;           EA;        EA-SM;         pmut;         pmut;           EA;        RLS-R;         pmut;         pmut;        EA-SM;           EA;          RLS;         pmut;         pmut;           EA;        RLS-R;          RLS;        RLS-R;          RLS;          RLS;          RLS
algo param;                  -;        -3,25;        -3,50;          r=2;          r=2;        -3,50;        -3,25;          2/n;          2/n;            -;          r=2;            -;          2/n;          r=2;          2/n;        -3,50;        -3,25;        -3,25;            -;        -3,50;          2/n;            -;            -;          2/n;        -3,25;        -3,50;            -;          r=2;        -3,25;        -3,50;          2/n;            -;            -;        -3,25;        -3,50;            -;          r=2;            -;          r=2;            -;            -;            -
avg mut/change;          1,000;        1,674;        1,555;        1,482;        1,477;        1,575;        1,700;        2,248;        2,226;        1,550;        1,475;        1,544;        2,160;        1,478;        2,155;        1,535;        1,627;        1,643;        1,000;        1,523;        2,180;        1,529;        1,545;        2,258;        1,718;        1,626;        1,619;        1,520;        1,870;        1,750;        2,507;        1,722;        1,000;        2,170;        2,077;        1,922;        1,545;        1,000;        1,535;        1,000;        1,000;        1,000
avg mut/step;            1,000;        1,730;        1,592;        1,500;        1,500;        1,592;        1,729;        2,000;        2,001;        1,000;        1,500;        1,001;        1,998;        1,500;        1,999;        1,620;        1,728;        1,727;        3,068;        1,590;        2,027;        1,013;        1,010;        2,192;        2,136;        2,119;        1,346;        7,260;        2,441;        2,485;        3,923;        1,732;       82,747;        4,519;        4,432;        4,967;      102,956;      287,970;     3102,585;     5460,930;    24734,420;   160884,797
---------
total avg count;         2.188;        2.246;        2.388;        2.583;        2.752;        2.773;        2.843;        3.293;        3.858;        3.924;        3.945;        4.358;        4.359;        4.687;        5.266;        5.311;        5.375;        5.909;        6.230;        6.503;        7.622;        7.795;        9.550;       12.585;       13.707;       15.086;       18.683;       21.551;       22.021;       24.929;       30.397;       31.232;       43.019;       44.531;       47.851;       58.099;       58.654;       62.115;       88.142;       88.516;       95.103;       98.300
avg eval count;          2.188;        2.246;        2.388;        2.583;        2.752;        2.773;        2.843;        3.293;        3.858;        3.924;        3.945;        4.358;        4.359;        4.687;        5.266;        5.216;        5.375;        5.909;        2.119;        6.503;        7.529;        7.702;        9.459;       11.613;       11.312;       11.731;       14.583;        5.369;       16.421;       17.414;       18.211;       20.775;          904;       22.530;       24.202;       21.827;        2.024;          566;          357;          140;           78;           35
max eval count;         24.571;       46.329;       79.569;       21.644;       58.634;       45.195;       55.375;       30.675;       38.112;       46.627;       53.588;       78.607;       57.120;       50.346;       60.702;       73.235;       76.038;       57.853;       30.311;       68.797;       93.385;       84.343;       86.213;       97.735;       98.949;       96.994;       98.496;       59.966;       99.324;       99.658;       99.496;       99.847;        5.716;       98.460;       99.681;       99.367;       17.977;        2.913;        3.033;          936;          307;           91
min eval count;             10;            5;           13;           27;           23;           37;            5;           37;           25;           22;            0;           25;           14;           15;           14;            5;            8;            6;           16;           28;            7;           20;           27;            2;            0;            5;            7;            0;            8;            7;            0;            7;           16;            3;            2;            6;            9;           10;            7;            1;            3;            0
---------
fails;                       0;            0;            0;            0;            0;            0;            0;            0;            0;            0;            0;            0;            0;            0;            0;            1;            0;            0;           42;            0;            1;            1;            1;           11;           27;           38;           48;          171;           67;           91;          149;          132;          425;          284;          312;          464;          578;          619;          881;          885;          951;          983
fail ratio;              0,000;        0,000;        0,000;        0,000;        0,000;        0,000;        0,000;        0,000;        0,000;        0,000;        0,000;        0,000;        0,000;        0,000;        0,000;        0,001;        0,000;        0,000;        0,042;        0,000;        0,001;        0,001;        0,001;        0,011;        0,027;        0,038;        0,048;        0,171;        0,067;        0,091;        0,149;        0,132;        0,425;        0,284;        0,312;        0,464;        0,578;        0,619;        0,881;        0,885;        0,951;        0,983
avg fail dif;               -1;           -1;           -1;           -1;           -1;           -1;           -1;           -1;           -1;           -1;           -1;           -1;           -1;           -1;           -1;            1;           -1;           -1;            1;           -1;            1;            1;            1;            1;            1;            1;            1;            1;            1;            1;            1;            1;            1;            1;            1;            1;            1;            2;            8;            9;           17;           52
---------
RLS     -> standard RLS: uniform random neighbour with Hamming Distance == 1
RLS-N   -> modified RLS: uniform random neighbour with Hamming Distance <= n
RLS-R   -> modified RLS: uniform random neighbour with Hamming Distance == x, where x is chosen uniform random from {1,...,r}
EA      -> standard EA : each bit is flipped with prob 1/n
EA-SM   -> modified EA : each bit is flipped with prob c/n
fmut    -> 1 bit flip with prob p and uniform random amount with 1-p
pmut    -> flips k random bits where k is chosen from powerlaw distribution
