Elapsed time: 0d02:02:23

number of runs;  10.000
input type;      geometric distributed (8)
---------
n value;         10.000
p;               0,001000
expected value;  1000,000000
---------
Limit per run;       5.409.890;      921.030;      921.030;    5.409.890;      921.030;    5.409.890;    5.409.890;      425.860;      425.860;      425.860;    5.409.890;      921.030;      425.860;    5.409.890;      921.030;      100.000;      425.860;      100.000;      921.030;      100.000;      100.000;      100.000;      100.000;      100.000;      100.000;      100.000;      100.000;      100.000;      100.000;      100.000;      100.000;      425.860;      100.000;      100.000;      100.000;      100.000;      100.000;      100.000;      100.000;      100.000;      100.000;      100.000;      100.000;      100.000;      100.000;      100.000;      100.000;      100.000
array length;           50.000;       10.000;       10.000;       50.000;       10.000;       50.000;       50.000;        5.000;        5.000;        5.000;       50.000;       10.000;        5.000;       50.000;       10.000;        1.000;        5.000;        1.000;       10.000;        1.000;          500;        1.000;          500;          500;          500;          100;        1.000;          500;           50;          100;          100;        5.000;          100;           50;          100;           50;           20;           50;           20;        1.000;           20;           50;           20;          500;           20;          100;           50;           20
---------
algo type;                 RLS;        RLS-R;         pmut;         pmut;         pmut;         pmut;        RLS-R;        RLS-R;         pmut;         pmut;        EA-SM;        EA-SM;        EA-SM;           EA;           EA;        RLS-R;           EA;        EA-SM;          RLS;         pmut;        RLS-R;         pmut;        EA-SM;         pmut;         pmut;        EA-SM;           EA;           EA;        EA-SM;         pmut;         pmut;          RLS;           EA;         pmut;        RLS-R;         pmut;        EA-SM;           EA;         pmut;          RLS;         pmut;        RLS-R;           EA;          RLS;        RLS-R;          RLS;          RLS;          RLS
algo param;                  -;          r=2;         3,25;         3,25;         3,00;         3,00;          r=2;          r=2;         3,25;         3,00;          2/n;          2/n;          2/n;            -;            -;          r=2;            -;          2/n;            -;         3,00;          r=2;         3,25;          2/n;         3,00;         3,25;          2/n;            -;            -;          2/n;         3,00;         3,25;            -;            -;         3,00;          r=2;         3,25;          2/n;            -;         3,00;            -;         3,25;          r=2;            -;            -;          r=2;            -;            -;            -
avg mut/change;          1,000;        1,482;        1,680;        1,705;        1,862;        1,903;        1,491;        1,476;        1,666;        1,833;        2,277;        2,244;        2,220;        1,567;        1,554;        1,470;        1,544;        2,166;        1,000;        1,796;        1,474;        1,637;        2,151;        1,777;        1,632;        2,180;        1,530;        1,535;        2,265;        1,857;        1,727;        1,000;        1,616;        1,969;        1,520;        1,866;        2,494;        1,719;        2,276;        1,000;        2,166;        1,534;        1,923;        1,000;        1,529;        1,000;        1,000;        1,000
avg mut/step;            1,000;        1,500;        1,728;        1,729;        1,933;        1,934;        1,500;        1,500;        1,729;        1,934;        2,000;        2,000;        2,000;        1,000;        1,000;        1,500;        1,000;        2,000;        1,000;        1,931;        1,500;        1,728;        2,000;        1,926;        1,728;        2,000;        1,000;        1,000;        2,000;        1,895;        1,716;        1,000;        1,000;        1,858;        1,500;        1,698;        2,000;        1,000;        1,752;        1,000;        1,637;        1,500;        1,000;        1,000;        1,500;        1,000;        1,000;        1,000
---------
total avg count;         1.797;        2.160;        2.162;        2.172;        2.208;        2.213;        2.229;        2.362;        2.434;        2.510;        3.133;        3.141;        3.171;        3.371;        3.458;        3.530;        3.815;        4.020;        4.128;        4.150;        4.218;        4.406;        4.503;        5.222;        5.644;        6.508;        6.567;        8.452;        9.724;       10.040;       10.977;       15.639;       15.684;       17.545;       18.266;       19.972;       26.104;       26.688;       35.272;       39.985;       40.934;       54.556;       54.971;       60.172;       89.401;       89.765;       94.574;       98.050
avg eval count;          1.797;        2.160;        2.162;        2.172;        2.208;        2.213;        2.229;        2.362;        2.434;        2.510;        3.133;        3.141;        3.171;        3.371;        3.458;        3.530;        3.815;        4.020;        1.922;        4.150;        4.218;        4.406;        4.503;        5.222;        5.644;        6.452;        6.511;        8.342;        9.243;        9.186;        9.658;        1.859;       12.834;       14.696;        5.005;       15.929;       16.360;       18.343;       21.901;          950;       23.440;        2.124;       22.471;          579;          391;          153;           79;           32
max eval count;         21.295;       33.239;       30.975;       25.747;       65.169;       26.977;       29.184;       51.045;       56.094;       65.933;       56.571;       48.407;       48.949;       38.194;       59.801;       54.893;       93.719;       69.503;       52.519;       87.887;       83.528;       99.669;       68.258;       97.748;       93.976;       98.213;       97.160;       98.912;       99.828;       98.791;       99.823;       35.209;       99.669;       99.754;       70.952;       99.934;       99.805;       99.972;       99.979;       15.248;       99.952;       20.799;       99.921;        4.587;        2.731;          917;          423;          157
min eval count;              1;            4;            6;           12;            5;           11;           18;            5;            0;            1;            5;           10;            2;            7;            5;            2;            6;            2;            2;            1;            0;            2;            0;            0;            0;            0;            3;            7;            0;            2;            0;            7;            4;            0;            2;            2;            0;            1;            0;            4;            0;            1;            0;            2;            0;            1;            0;            1
---------
fails;                       0;            0;            0;            0;            0;            0;            0;            0;            0;            0;            0;            0;            0;            0;            0;            0;            0;            0;           24;            0;            0;            0;            0;            0;            0;            6;            6;           12;           53;           94;          146;          325;          327;          334;        1.396;          481;        1.165;        1.022;        1.712;        3.941;        2.285;        5.357;        4.192;        5.994;        8.936;        8.975;        9.457;        9.805
fail ratio;              0,000;        0,000;        0,000;        0,000;        0,000;        0,000;        0,000;        0,000;        0,000;        0,000;        0,000;        0,000;        0,000;        0,000;        0,000;        0,000;        0,000;        0,000;        0,002;        0,000;        0,000;        0,000;        0,000;        0,000;        0,000;        0,001;        0,001;        0,001;        0,005;        0,009;        0,015;        0,033;        0,033;        0,033;        0,140;        0,048;        0,117;        0,102;        0,171;        0,394;        0,229;        0,536;        0,419;        0,599;        0,894;        0,898;        0,946;        0,981
avg fail dif;               -1;           -1;           -1;           -1;           -1;           -1;           -1;           -1;           -1;           -1;           -1;           -1;           -1;           -1;           -1;           -1;           -1;           -1;            1;           -1;           -1;           -1;           -1;           -1;           -1;            1;            1;            1;            1;            1;            1;            1;            1;            1;            1;            1;            1;            1;            1;            1;            1;            1;            1;            2;            8;            8;           17;           51
---------
RLS     -> standard RLS: uniform random neighbour with Hamming Distance == 1
RLS-N   -> modified RLS: uniform random neighbour with Hamming Distance <= n
RLS-R   -> modified RLS: uniform random neighbour with Hamming Distance == x, where x is chosen uniform random from {1,...,r}
EA      -> standard EA : each bit is flipped with prob 1/n
EA-SM   -> modified EA : each bit is flipped with prob c/n
fmut    -> 1 bit flip with prob p and uniform random amount with 1-p
pmut    -> flips k random bits where k is chosen from powerlaw distribution
