---------
Limit per run;         100.000;      100.000;      100.000;      100.000;      100.000;      100.000;      100.000;      100.000;      100.000;      100.000;      100.000;      100.000;      100.000;      100.000;      100.000;      100.000;      100.000;      100.000;      100.000;      100.000;      100.000;      100.000;      100.000;      100.000;      100.000;      100.000;      100.000;      100.000;      100.000;      100.000;      425.860;      425.860;      425.860;      425.860;      425.860;      425.860;      921.030;      921.030;      921.030;      921.030;      921.030;      921.030;    5.409.890;    5.409.890;    5.409.890;    5.409.890;    5.409.890;    5.409.890
array length;               20;           20;           20;           20;           20;           20;           50;           50;           50;           50;           50;           50;          100;          100;          100;          100;          100;          100;          500;          500;          500;          500;          500;          500;        1.000;        1.000;        1.000;        1.000;        1.000;        1.000;        5.000;        5.000;        5.000;        5.000;        5.000;        5.000;       10.000;       10.000;       10.000;       10.000;       10.000;       10.000;       50.000;       50.000;       50.000;       50.000;       50.000;       50.000
---------
algo type;                 RLS;        RLS-R;           EA;        EA-SM;         pmut;         pmut;          RLS;        RLS-R;           EA;        EA-SM;         pmut;         pmut;          RLS;        RLS-R;           EA;        EA-SM;         pmut;         pmut;          RLS;        RLS-R;           EA;        EA-SM;         pmut;         pmut;          RLS;        RLS-R;           EA;        EA-SM;         pmut;         pmut;          RLS;        RLS-R;           EA;        EA-SM;         pmut;         pmut;          RLS;        RLS-R;           EA;        EA-SM;         pmut;         pmut;          RLS;        RLS-R;           EA;        EA-SM;         pmut;         pmut
algo param;                  -;          r=2;            -;          2/n;         3,25;         3,00;            -;          r=2;            -;          2/n;         3,25;         3,00;            -;          r=2;            -;          2/n;         3,25;         3,00;            -;          r=2;            -;          2/n;         3,25;         3,00;            -;          r=2;            -;          2/n;         3,25;         3,00;            -;          r=2;            -;          2/n;         3,25;         3,00;            -;          r=2;            -;          2/n;         3,25;         3,00;            -;          r=2;            -;          2/n;         3,25;         3,00
avg mut/change;          1,000;        1,529;        1,923;        2,494;        2,166;        2,276;        1,000;        1,534;        1,719;        2,265;        1,866;        1,969;        1,000;        1,520;        1,616;        2,180;        1,727;        1,857;        1,000;        1,474;        1,535;        2,151;        1,632;        1,777;        1,000;        1,470;        1,530;        2,166;        1,637;        1,796;        1,000;        1,476;        1,544;        2,220;        1,666;        1,833;        1,000;        1,482;        1,554;        2,244;        1,680;        1,862;        1,000;        1,491;        1,567;        2,277;        1,705;        1,903
avg mut/step;            1,000;        1,500;        1,000;        2,000;        1,637;        1,752;        1,000;        1,500;        1,000;        2,000;        1,698;        1,858;        1,000;        1,500;        1,000;        2,000;        1,716;        1,895;        1,000;        1,500;        1,000;        2,000;        1,728;        1,926;        1,000;        1,500;        1,000;        2,000;        1,728;        1,931;        1,000;        1,500;        1,000;        2,000;        1,729;        1,934;        1,000;        1,500;        1,000;        2,000;        1,728;        1,933;        1,000;        1,500;        1,000;        2,000;        1,729;        1,934
---------
total avg count;        98.050;       89.401;       54.971;       26.104;       40.934;       35.272;       94.574;       54.556;       26.688;        9.724;       19.972;       17.545;       89.765;       18.266;       15.684;        6.508;       10.977;       10.040;       60.172;        4.218;        8.452;        4.503;        5.644;        5.222;       39.985;        3.530;        6.567;        4.020;        4.406;        4.150;       15.639;        2.362;        3.815;        3.171;        2.434;        2.510;        4.128;        2.160;        3.458;        3.141;        2.162;        2.208;        1.797;        2.229;        3.371;        3.133;        2.172;        2.213
avg eval count;             32;          391;       22.471;       16.360;       23.440;       21.901;           79;        2.124;       18.343;        9.243;       15.929;       14.696;          153;        5.005;       12.834;        6.452;        9.658;        9.186;          579;        4.218;        8.342;        4.503;        5.644;        5.222;          950;        3.530;        6.511;        4.020;        4.406;        4.150;        1.859;        2.362;        3.815;        3.171;        2.434;        2.510;        1.922;        2.160;        3.458;        3.141;        2.162;        2.208;        1.797;        2.229;        3.371;        3.133;        2.172;        2.213
max eval count;            157;        2.731;       99.921;       99.805;       99.952;       99.979;          423;       20.799;       99.972;       99.828;       99.934;       99.754;          917;       70.952;       99.669;       98.213;       99.823;       98.791;        4.587;       83.528;       98.912;       68.258;       93.976;       97.748;       15.248;       54.893;       97.160;       69.503;       99.669;       87.887;       35.209;       51.045;       93.719;       48.949;       56.094;       65.933;       52.519;       33.239;       59.801;       48.407;       30.975;       65.169;       21.295;       29.184;       38.194;       56.571;       25.747;       26.977
min eval count;              1;            0;            0;            0;            0;            0;            0;            1;            1;            0;            2;            0;            1;            2;            4;            0;            0;            2;            2;            0;            7;            0;            0;            0;            4;            2;            3;            2;            2;            1;            7;            5;            6;            2;            0;            1;            2;            4;            5;           10;            6;            5;            1;           18;            7;            5;           12;           11
---------
fails;                   9.805;        8.936;        4.192;        1.165;        2.285;        1.712;        9.457;        5.357;        1.022;           53;          481;          334;        8.975;        1.396;          327;            6;          146;           94;        5.994;            0;           12;            0;            0;            0;        3.941;            0;            6;            0;            0;            0;          325;            0;            0;            0;            0;            0;           24;            0;            0;            0;            0;            0;            0;            0;            0;            0;            0;            0
fail ratio;              0,981;        0,894;        0,419;        0,117;        0,229;        0,171;        0,946;        0,536;        0,102;        0,005;        0,048;        0,033;        0,898;        0,140;        0,033;        0,001;        0,015;        0,009;        0,599;        0,000;        0,001;        0,000;        0,000;        0,000;        0,394;        0,000;        0,001;        0,000;        0,000;        0,000;        0,033;        0,000;        0,000;        0,000;        0,000;        0,000;        0,002;        0,000;        0,000;        0,000;        0,000;        0,000;        0,000;        0,000;        0,000;        0,000;        0,000;        0,000
avg fail dif;               51;            8;            1;            1;            1;            1;           17;            1;            1;            1;            1;            1;            8;            1;            1;            1;            1;            1;            2;           -1;            1;           -1;           -1;           -1;            1;           -1;            1;           -1;           -1;           -1;            1;           -1;           -1;           -1;           -1;           -1;            1;           -1;           -1;           -1;           -1;           -1;           -1;           -1;           -1;           -1;           -1;           -1
