---------
Limit per run;         100.000;      100.000;      100.000;      100.000;      100.000;      100.000;      100.000;      100.000;      100.000;      100.000;      100.000;      100.000;      100.000;      100.000;      100.000;      100.000;      100.000;      100.000;      100.000;      100.000;      100.000;      100.000;      100.000;      100.000;      100.000;      100.000;      100.000;      100.000;      100.000;      100.000;      100.000;      100.000;      100.000;      100.000;      100.000;      425.860;      425.860;      425.860;      425.860;      425.860;      425.860;      425.860;      921.030;      921.030;      921.030;      921.030;      921.030;      921.030;      921.030;    5.409.890;    5.409.890;    5.409.890;    5.409.890;    5.409.890;    5.409.890;    5.409.890
array length;               20;           20;           20;           20;           20;           20;           20;           50;           50;           50;           50;           50;           50;           50;          100;          100;          100;          100;          100;          100;          100;          500;          500;          500;          500;          500;          500;          500;        1.000;        1.000;        1.000;        1.000;        1.000;        1.000;        1.000;        5.000;        5.000;        5.000;        5.000;        5.000;        5.000;        5.000;       10.000;       10.000;       10.000;       10.000;       10.000;       10.000;       10.000;       50.000;       50.000;       50.000;       50.000;       50.000;       50.000;       50.000
---------
algo type;               RLS-N;        RLS-R;        RLS-R;        EA-SM;        EA-SM;        EA-SM;         pmut;        RLS-N;        RLS-R;        RLS-R;        EA-SM;        EA-SM;        EA-SM;         pmut;        RLS-N;        RLS-R;        RLS-R;        EA-SM;        EA-SM;        EA-SM;         pmut;        RLS-N;        RLS-R;        RLS-R;        EA-SM;        EA-SM;        EA-SM;         pmut;        RLS-N;        RLS-R;        RLS-R;        EA-SM;        EA-SM;        EA-SM;         pmut;        RLS-N;        RLS-R;        RLS-R;        EA-SM;        EA-SM;        EA-SM;         pmut;        RLS-N;        RLS-R;        RLS-R;        EA-SM;        EA-SM;        EA-SM;         pmut;        RLS-N;        RLS-R;        RLS-R;        EA-SM;        EA-SM;        EA-SM;         pmut
algo param;                n=2;          r=3;          r=4;          2/n;          3/n;          4/n;        -2,50;          n=2;          r=3;          r=4;          2/n;          3/n;          4/n;        -2,50;          n=2;          r=3;          r=4;          2/n;          3/n;          4/n;        -2,50;          n=2;          r=3;          r=4;          2/n;          3/n;          4/n;        -2,50;          n=2;          r=3;          r=4;          2/n;          3/n;          4/n;        -2,50;          n=2;          r=3;          r=4;          2/n;          3/n;          4/n;        -2,50;          n=2;          r=3;          r=4;          2/n;          3/n;          4/n;        -2,50;          n=2;          r=3;          r=4;          2/n;          3/n;          4/n;        -2,50
avg mut/change;          1,902;        2,206;        2,827;        2,778;        3,459;        4,168;        2,953;        1,958;        2,223;        2,710;        2,546;        3,191;        3,959;        2,778;        1,981;        2,156;        2,590;        2,440;        3,076;        3,864;        2,634;        1,996;        2,042;        2,491;        2,317;        3,008;        3,876;        2,507;        1,998;        2,016;        2,455;        2,294;        3,042;        3,878;        2,520;        2,000;        1,996;        2,478;        2,289;        3,067;        3,938;        2,586;        2,000;        1,984;        2,462;        2,283;        3,095;        3,948;        2,708;        2,000;        1,995;        2,483;        2,295;        3,113;        4,008;        2,820
avg mut/step;            1,905;        2,000;        2,501;        2,000;        3,000;        4,000;        2,065;        1,961;        2,000;        2,501;        2,000;        3,000;        4,000;        2,367;        1,980;        2,000;        2,501;        2,000;        3,000;        4,000;        2,530;        1,996;        2,000;        2,501;        2,000;        3,000;        4,000;        2,758;        1,998;        2,000;        2,501;        2,000;        3,000;        4,000;        2,814;        2,000;        2,000;        2,501;        2,000;        3,000;        4,000;        2,889;        2,000;        2,000;        2,501;        2,000;        3,000;        4,000;        2,905;        2,000;        2,000;        2,501;        2,000;        3,000;        4,000;        2,928
---------
total avg count;        99.601;       97.535;       91.932;       92.640;       84.676;       81.718;       90.277;       98.030;       84.570;       77.220;       81.993;       75.337;       70.503;       83.472;       89.930;       78.627;       71.907;       78.507;       72.228;       67.568;       80.897;       59.269;       67.841;       67.578;       71.604;       65.854;       66.047;       73.120;       55.438;       64.893;       65.209;       68.430;       67.500;       64.901;       71.482;       82.091;      122.198;      116.033;      135.844;      120.899;      114.241;      145.089;       83.500;      120.801;      112.029;      137.203;      113.784;      129.959;      152.429;       82.738;      106.196;      107.857;      122.042;      111.402;      110.099;      128.531
avg eval count;            364;        5.204;       17.681;       36.004;       32.791;       39.665;       39.232;        1.540;       33.492;       39.895;       41.914;       38.954;       39.926;       36.918;        6.759;       39.795;       38.795;       40.131;       38.422;       40.709;       37.162;       36.358;       40.336;       39.959;       42.050;       40.617;       39.479;       39.866;       37.324;       38.838;       38.857;       38.937;       41.017;       41.889;       40.588;       77.210;      104.864;       98.693;      108.903;      103.831;       99.899;      118.671;       83.500;      118.393;      108.780;      133.264;      112.166;      127.578;      144.665;       82.738;      106.196;      107.857;      122.042;      111.402;      110.099;      128.531
max eval count;            517;       24.206;       83.556;       97.401;       99.458;       99.352;       99.855;        4.915;       98.183;       99.722;       99.895;       99.714;       99.787;       97.546;       32.417;       98.971;       99.868;       99.854;       99.899;       99.874;       99.749;       99.081;       99.804;       99.991;       99.939;       99.989;       99.993;       99.773;       99.912;       99.741;       99.698;       99.087;       99.962;       99.920;       98.701;      417.613;      420.809;      418.412;      424.013;      422.335;      425.452;      422.792;      759.559;      805.219;      683.189;      916.643;      910.262;      830.494;      903.840;      656.732;      966.886;    1.378.916;    1.200.414;      730.425;    1.072.853;    2.109.951
min eval count;            198;          207;           20;            7;           10;           30;           23;            8;           80;           78;          346;          143;           22;           55;           48;           20;           77;          147;           15;           15;           51;           68;           89;           54;          523;          199;           95;           76;           58;          153;          104;           53;          458;           36;          135;          124;           62;          275;           44;           74;           66;          131;           41;          101;          206;          110;           81;           57;          116;          114;          170;            6;          189;          150;          356;          156
---------
fails;                     996;          974;          902;          885;          772;          697;          840;          980;          768;          621;          690;          596;          509;          738;          892;          645;          541;          641;          549;          453;          696;          360;          461;          460;          510;          425;          439;          553;          289;          426;          431;          483;          449;          396;          520;           14;           54;           53;           85;           53;           44;           86;            0;            3;            4;            5;            2;            3;           10;            0;            0;            0;            0;            0;            0;            0
fail ratio;              0,996;        0,974;        0,902;        0,885;        0,772;        0,697;        0,840;        0,980;        0,768;        0,621;        0,690;        0,596;        0,509;        0,738;        0,892;        0,645;        0,541;        0,641;        0,549;        0,453;        0,696;        0,360;        0,461;        0,460;        0,510;        0,425;        0,439;        0,553;        0,289;        0,426;        0,431;        0,483;        0,449;        0,396;        0,520;        0,014;        0,054;        0,053;        0,085;        0,053;        0,044;        0,086;        0,000;        0,003;        0,004;        0,005;        0,002;        0,003;        0,010;        0,000;        0,000;        0,000;        0,000;        0,000;        0,000;        0,000
avg fail dif;              181;           33;            8;            6;            3;            2;            5;           28;            3;            2;            3;            2;            1;            3;            7;            2;            1;            2;            1;            1;            2;            1;            1;            1;            1;            1;            1;            1;            1;            1;            1;            1;            1;            1;            1;            1;            1;            1;            1;            1;            1;            1;           -1;            1;            1;            1;            1;            1;            1;           -1;           -1;           -1;           -1;           -1;           -1;           -1
