number of runs;  1.000
input type;      uniform random values from given range (1)
lowest value;    1
highest value;   50.000
---------
Limit per run;       100.000;    100.000;    100.000;    100.000;    100.000;    100.000;    100.000;    100.000;    100.000;    100.000;    100.000;    100.000;    100.000;    100.000;    100.000;    100.000;    100.000;    100.000;    100.000;    100.000;    100.000;    100.000;    100.000;    100.000;    100.000;    100.000;    100.000;    100.000;    100.000;    100.000;    100.000;    100.000;    100.000;    100.000;    100.000;    100.000;    100.000;    100.000;    100.000;    100.000;    100.000;    100.000;    100.000;    100.000;    100.000;    100.000;    100.000;    100.000;    100.000
array length;         10.000;      5.000;      1.000;        500;     10.000;      5.000;      5.000;     10.000;      1.000;      5.000;     10.000;      5.000;      1.000;      1.000;     10.000;     10.000;      1.000;        500;     10.000;        500;        500;      5.000;        100;      5.000;      1.000;        500;        500;        100;         50;        100;      1.000;        500;         50;        100;         20;         50;        100;        100;         50;         50;         20;         50;        100;         20;         20;         20;         20;         50;         20
---------
algo type;             RLS-N;      RLS-N;      RLS-N;      RLS-N;      RLS-R;      RLS-R;      RLS-R;      RLS-R;      EA-SM;      EA-SM;      EA-SM;      EA-SM;      EA-SM;      RLS-R;      EA-SM;       pmut;      RLS-R;      EA-SM;      EA-SM;      EA-SM;      RLS-R;       pmut;      EA-SM;      EA-SM;      EA-SM;      RLS-R;      EA-SM;      EA-SM;      EA-SM;      RLS-R;       pmut;       pmut;      EA-SM;      RLS-R;      EA-SM;      RLS-R;      EA-SM;       pmut;      RLS-R;      EA-SM;      EA-SM;       pmut;      RLS-N;      EA-SM;       pmut;      RLS-R;      RLS-R;      RLS-N;      RLS-N
algo param;              n=2;        n=2;        n=2;        n=2;        r=3;        r=3;        r=4;        r=4;        4/n;        3/n;        3/n;        4/n;        3/n;        r=4;        4/n;      -2,50;        r=3;        4/n;        2/n;        3/n;        r=3;      -2,50;        4/n;        2/n;        2/n;        r=4;        2/n;        3/n;        4/n;        r=4;      -2,50;      -2,50;        3/n;        r=3;        4/n;        r=4;        2/n;      -2,50;        r=3;        2/n;        3/n;      -2,50;        n=2;        2/n;      -2,50;        r=4;        r=3;        n=2;        n=2
avg mut/change;        2,000;      2,000;      1,998;      1,996;      1,978;      1,993;      2,460;      2,463;      3,868;      3,058;      3,082;      3,923;      3,039;      2,462;      3,950;      2,678;      2,017;      3,839;      2,270;      3,038;      2,048;      2,573;      3,897;      2,271;      2,285;      2,487;      2,308;      3,116;      3,928;      2,605;      2,563;      2,488;      3,212;      2,152;      4,217;      2,704;      2,448;      2,740;      2,227;      2,546;      3,439;      2,758;      1,979;      2,808;      2,970;      2,797;      2,217;      1,961;      1,901
avg mut/step;          3,841;      4,136;      4,656;      5,615;      6,081;      5,469;      6,856;      7,058;     10,937;      7,973;      8,124;     11,432;      8,811;      7,466;     10,953;      9,612;      5,916;     11,198;      6,612;      9,125;      6,274;     10,123;     14,342;      7,152;      6,526;      8,096;      6,810;     11,769;     14,543;     10,260;      9,591;     10,581;     12,827;     12,098;     27,630;     13,628;     12,103;     15,586;     20,310;     15,532;     32,119;     21,745;    238,553;     40,245;     33,443;    130,152;   1946,201;   8201,672;  57214,169
---------
total avg count;      55.494;     56.332;     56.756;     59.268;     62.883;     63.062;     64.230;     64.275;     64.330;     64.934;     65.169;     65.219;     65.658;     65.859;     66.005;     66.221;     66.320;     66.586;     67.096;     67.193;     68.263;     68.284;     68.782;     68.859;     69.645;     69.742;     70.220;     71.803;     72.142;     72.458;     73.159;     74.129;     75.053;     76.916;     77.640;     78.014;     78.944;     79.751;     83.747;     83.789;     84.051;     86.631;     89.139;     90.286;     91.019;     92.273;     97.600;     98.323;     98.703
avg eval count;       39.365;     38.409;     36.030;     34.091;     35.784;     38.438;     39.578;     38.932;     39.748;     41.066;     40.864;     39.617;     39.432;     39.252;     41.490;     37.215;     39.966;     41.584;     38.151;     40.242;     40.678;     38.055;     38.060;     38.213;     41.287;     41.588;     40.912;     39.362;     41.598;     39.068;     44.430;     42.765;     41.302;     35.519;     33.453;     39.434;     38.253;     39.010;     33.662;     39.959;     32.990;     41.365;      6.378;     31.595;     38.488;     18.663;      4.012;      1.382;        252
max eval count;       99.879;     99.821;     99.370;     98.812;     99.529;     99.083;     99.772;     99.882;     99.706;     99.973;     99.954;     99.871;     99.595;     99.907;     99.561;     99.877;     99.985;     99.995;     99.830;     99.936;     99.651;     99.607;     99.976;     98.316;     99.995;     99.965;     99.961;     99.962;     99.963;     99.810;     99.991;     99.993;     99.943;     99.117;     98.792;     99.648;     99.591;     99.328;     97.828;     99.462;     99.938;     99.991;     48.327;     98.817;     98.920;     97.670;     28.794;      5.987;      1.085
min eval count;          266;         63;         85;         24;        100;        182;         43;         50;        302;         31;         51;         76;         33;        146;        175;          9;        312;        582;         90;        157;        106;         55;        119;         66;        108;         12;         93;         98;         68;         60;         63;        373;         49;         83;        117;         22;        244;        498;         15;        118;          0;         27;         19;        133;          7;         35;         20;          7;         17
---------
fails;                   266;        291;        324;        382;        422;        400;        408;        415;        408;        405;        411;        424;        433;        438;        419;        462;        439;        428;        468;        451;        465;        488;        496;        496;        483;        482;        496;        535;        523;        548;        517;        548;        575;        642;        664;        637;        659;        668;        755;        730;        762;        772;        884;        858;        854;        905;        975;        983;        987
fail ratio;            0,266;      0,291;      0,324;      0,382;      0,422;      0,400;      0,408;      0,415;      0,408;      0,405;      0,411;      0,424;      0,433;      0,438;      0,419;      0,462;      0,439;      0,428;      0,468;      0,451;      0,465;      0,488;      0,496;      0,496;      0,483;      0,482;      0,496;      0,535;      0,523;      0,548;      0,517;      0,548;      0,575;      0,642;      0,664;      0,637;      0,659;      0,668;      0,755;      0,730;      0,762;      0,772;      0,884;      0,858;      0,854;      0,905;      0,975;      0,983;      0,987
avg fail dif;              1;          1;          1;          1;          1;          1;          1;          1;          1;          1;          1;          1;          1;          1;          1;          1;          1;          1;          1;          1;          1;          1;          1;          1;          1;          1;          1;          1;          1;          1;          1;          1;          1;          2;          2;          2;          2;          2;          3;          2;          3;          3;          8;          6;          5;          8;         33;         29;        192
---------
RLS     -> standard RLS: uniform random neighbour with Hamming Distance == 1
RLS-N   -> modified RLS: uniform random neighbour with Hamming Distance <= n
RLS-R   -> modified RLS: uniform random neighbour with Hamming Distance == x, where x is chosen uniform random from {1,...,r}
EA      -> standard EA : each bit is flipped with prob 1/n
EA-SM   -> modified EA : each bit is flipped with prob c/n
fmut    -> 1 bit flip with prob p and uniform random amount with 1-p
pmut    -> flips k random bits where k is chosen from powerlaw distribution
