number of runs;  1.000
input type;      uniform random values from given range (1)
lowest value;    1
highest value;   50.000
---------
Limit per run;         100.000;      100.000;      100.000;      100.000;      100.000;      100.000;      100.000;      100.000;      100.000;      100.000;      100.000;      100.000;      100.000;      100.000;      100.000;      100.000;      100.000;      100.000;      100.000;      100.000;      100.000;      100.000;      100.000;      100.000;      100.000;      425.860;    5.409.890;      100.000;      921.030;      100.000;      100.000;      100.000;      100.000;      100.000;      100.000;      100.000;      100.000;      100.000;    5.409.890;    5.409.890;    5.409.890;    5.409.890;      921.030;      921.030;      425.860;      425.860;      921.030;      425.860;    5.409.890;      425.860;    5.409.890;      921.030;      425.860;      921.030;      425.860;      921.030
array length;            1.000;          500;        1.000;        1.000;        1.000;          500;          500;        1.000;          100;          500;          500;        1.000;           50;        1.000;          500;          100;          100;          500;           50;           50;          100;          100;          100;           20;           50;        5.000;       50.000;           50;       10.000;           50;           20;          100;           20;           20;           20;           20;           50;           20;       50.000;       50.000;       50.000;       50.000;       10.000;       10.000;        5.000;        5.000;       10.000;        5.000;       50.000;        5.000;       50.000;       10.000;        5.000;       10.000;        5.000;       10.000
---------
algo type;               RLS-N;        RLS-N;        RLS-R;        EA-SM;        RLS-R;        EA-SM;        EA-SM;        EA-SM;        EA-SM;        RLS-R;        RLS-R;        EA-SM;        EA-SM;         pmut;        EA-SM;        RLS-R;        EA-SM;         pmut;        EA-SM;        RLS-R;        EA-SM;        RLS-R;         pmut;        EA-SM;        EA-SM;        RLS-N;        RLS-N;         pmut;        RLS-N;        RLS-R;        EA-SM;        RLS-N;         pmut;        RLS-R;        EA-SM;        RLS-R;        RLS-N;        RLS-N;        RLS-R;        RLS-R;        EA-SM;        EA-SM;        RLS-R;        EA-SM;        EA-SM;        RLS-R;        RLS-R;        EA-SM;        EA-SM;        RLS-R;         pmut;        EA-SM;        EA-SM;        EA-SM;         pmut;         pmut
algo param;                n=2;          n=2;          r=3;          4/n;          r=4;          3/n;          4/n;          3/n;          4/n;          r=4;          r=3;          2/n;          4/n;        -2,50;          2/n;          r=4;          3/n;        -2,50;          3/n;          r=4;          2/n;          r=3;        -2,50;          4/n;          2/n;          n=2;          n=2;        -2,50;          n=2;          r=3;          3/n;          n=2;        -2,50;          r=4;          2/n;          r=3;          n=2;          n=2;          r=3;          r=4;          4/n;          3/n;          r=4;          3/n;          4/n;          r=4;          r=3;          3/n;          2/n;          r=3;        -2,50;          4/n;          2/n;          2/n;        -2,50;        -2,50
avg mut/change;          1,998;        1,996;        2,016;        3,878;        2,455;        3,008;        3,876;        3,042;        3,864;        2,491;        2,042;        2,294;        3,959;        2,520;        2,317;        2,590;        3,076;        2,507;        3,191;        2,710;        2,440;        2,156;        2,634;        4,168;        2,546;        2,000;        2,000;        2,778;        2,000;        2,223;        3,459;        1,981;        2,953;        2,827;        2,778;        2,206;        1,958;        1,902;        1,995;        2,483;        4,008;        3,113;        2,462;        3,095;        3,938;        2,478;        1,984;        3,067;        2,295;        1,996;        2,820;        3,948;        2,289;        2,283;        2,586;        2,708
avg mut/step;            1,998;        1,996;        2,000;        4,000;        2,501;        3,000;        4,000;        3,000;        4,000;        2,501;        2,000;        2,000;        4,000;        2,814;        2,000;        2,501;        3,000;        2,758;        3,000;        2,501;        2,000;        2,000;        2,530;        4,000;        2,000;        2,000;        2,000;        2,367;        2,000;        2,000;        3,000;        1,980;        2,065;        2,501;        2,000;        2,000;        1,961;        1,905;        2,000;        2,501;        4,000;        3,000;        2,501;        3,000;        4,000;        2,501;        2,000;        3,000;        2,000;        2,000;        2,928;        4,000;        2,000;        2,000;        2,889;        2,905
---------
total avg count;        55.438;       59.269;       64.893;       64.901;       65.209;       65.854;       66.047;       67.500;       67.568;       67.578;       67.841;       68.430;       70.503;       71.482;       71.604;       71.907;       72.228;       73.120;       75.337;       77.220;       78.507;       78.627;       80.897;       81.718;       81.993;       82.091;       82.738;       83.472;       83.500;       84.570;       84.676;       89.930;       90.277;       91.932;       92.640;       97.535;       98.030;       99.601;      106.196;      107.857;      110.099;      111.402;      112.029;      113.784;      114.241;      116.033;      120.801;      120.899;      122.042;      122.198;      128.531;      129.959;      135.844;      137.203;      145.089;      152.429
avg eval count;         37.324;       36.358;       38.838;       41.889;       38.857;       40.617;       39.479;       41.017;       40.709;       39.959;       40.336;       38.937;       39.926;       40.588;       42.050;       38.795;       38.422;       39.866;       38.954;       39.895;       40.131;       39.795;       37.162;       39.665;       41.914;       77.210;       82.738;       36.918;       83.500;       33.492;       32.791;        6.759;       39.232;       17.681;       36.004;        5.204;        1.540;          364;      106.196;      107.857;      110.099;      111.402;      108.780;      112.166;       99.899;       98.693;      118.393;      103.831;      122.042;      104.864;      128.531;      127.578;      108.903;      133.264;      118.671;      144.665
max eval count;         99.912;       99.081;       99.741;       99.920;       99.698;       99.989;       99.993;       99.962;       99.874;       99.991;       99.804;       99.087;       99.787;       98.701;       99.939;       99.868;       99.899;       99.773;       99.714;       99.722;       99.854;       98.971;       99.749;       99.352;       99.895;      417.613;      656.732;       97.546;      759.559;       98.183;       99.458;       32.417;       99.855;       83.556;       97.401;       24.206;        4.915;          517;      966.886;    1.378.916;    1.072.853;      730.425;      683.189;      910.262;      425.452;      418.412;      805.219;      422.335;    1.200.414;      420.809;    2.109.951;      830.494;      424.013;      916.643;      422.792;      903.840
min eval count;             58;           68;          153;           36;          104;          199;           95;          458;           15;           54;           89;           53;           22;          135;          523;           77;           15;           76;          143;           78;          147;           20;           51;           30;          346;          124;          114;           55;           41;           80;           10;           48;           23;           20;            7;          207;            8;          198;          170;            6;          356;          150;          206;           81;           66;          275;          101;           74;          189;           62;          156;           57;           44;          110;          131;          116
---------
fails;                     289;          360;          426;          396;          431;          425;          439;          449;          453;          460;          461;          483;          509;          520;          510;          541;          549;          553;          596;          621;          641;          645;          696;          697;          690;           14;            0;          738;            0;          768;          772;          892;          840;          902;          885;          974;          980;          996;            0;            0;            0;            0;            4;            2;           44;           53;            3;           53;            0;           54;            0;            3;           85;            5;           86;           10
fail ratio;              0,289;        0,360;        0,426;        0,396;        0,431;        0,425;        0,439;        0,449;        0,453;        0,460;        0,461;        0,483;        0,509;        0,520;        0,510;        0,541;        0,549;        0,553;        0,596;        0,621;        0,641;        0,645;        0,696;        0,697;        0,690;        0,014;        0,000;        0,738;        0,000;        0,768;        0,772;        0,892;        0,840;        0,902;        0,885;        0,974;        0,980;        0,996;        0,000;        0,000;        0,000;        0,000;        0,004;        0,002;        0,044;        0,053;        0,003;        0,053;        0,000;        0,054;        0,000;        0,003;        0,085;        0,005;        0,086;        0,010
avg fail dif;                1;            1;            1;            1;            1;            1;            1;            1;            1;            1;            1;            1;            1;            1;            1;            1;            1;            1;            2;            2;            2;            2;            2;            2;            3;            1;           -1;            3;           -1;            3;            3;            7;            5;            8;            6;           33;           28;          181;           -1;           -1;           -1;           -1;            1;            1;            1;            1;            1;            1;           -1;            1;           -1;            1;            1;            1;            1;            1
---------
RLS     -> standard RLS: uniform random neighbour with Hamming Distance == 1
RLS-N   -> modified RLS: uniform random neighbour with Hamming Distance <= n
RLS-R   -> modified RLS: uniform random neighbour with Hamming Distance == x, where x is chosen uniform random from {1,...,r}
EA      -> standard EA : each bit is flipped with prob 1/n
EA-SM   -> modified EA : each bit is flipped with prob c/n
fmut    -> 1 bit flip with prob p and uniform random amount with 1-p
pmut    -> flips k random bits where k is chosen from powerlaw distribution
