---------
Limit per run;         100.000;      100.000;      100.000;      100.000;      100.000;      100.000;      100.000;      100.000;      100.000;      100.000;      100.000;      100.000;      100.000;      100.000;      100.000;      100.000;      100.000;      100.000;      100.000;      100.000;      100.000;      100.000;      100.000;      100.000;      100.000;      100.000;      100.000;      100.000;      100.000;      100.000;      100.000;      100.000;      100.000;      100.000;      100.000;      425.860;      425.860;      425.860;      425.860;      425.860;      425.860;      425.860;      921.030;      921.030;      921.030;      921.030;      921.030;      921.030;      921.030;    5.409.890;    5.409.890;    5.409.890;    5.409.890;    5.409.890;    5.409.890;    5.409.890
array length;               20;           20;           20;           20;           20;           20;           20;           50;           50;           50;           50;           50;           50;           50;          100;          100;          100;          100;          100;          100;          100;          500;          500;          500;          500;          500;          500;          500;        1.000;        1.000;        1.000;        1.000;        1.000;        1.000;        1.000;        5.000;        5.000;        5.000;        5.000;        5.000;        5.000;        5.000;       10.000;       10.000;       10.000;       10.000;       10.000;       10.000;       10.000;       50.000;       50.000;       50.000;       50.000;       50.000;       50.000;       50.000
---------
algo type;               RLS-N;        RLS-R;        RLS-R;        EA-SM;        EA-SM;         pmut;         pmut;        RLS-N;        RLS-R;        RLS-R;        EA-SM;        EA-SM;         pmut;         pmut;        RLS-N;        RLS-R;        RLS-R;        EA-SM;        EA-SM;         pmut;         pmut;        RLS-N;        RLS-R;        RLS-R;        EA-SM;        EA-SM;         pmut;         pmut;        RLS-N;        RLS-R;        RLS-R;        EA-SM;        EA-SM;         pmut;         pmut;        RLS-N;        RLS-R;        RLS-R;        EA-SM;        EA-SM;         pmut;         pmut;        RLS-N;        RLS-R;        RLS-R;        EA-SM;        EA-SM;         pmut;         pmut;        RLS-N;        RLS-R;        RLS-R;        EA-SM;        EA-SM;         pmut;         pmut
algo param;                n=2;          r=3;          r=4;          4/n;          3/n;         2,00;         2,25;          n=2;          r=3;          r=4;          4/n;          3/n;         2,00;         2,25;          n=2;          r=3;          r=4;          4/n;          3/n;         2,00;         2,25;          n=2;          r=3;          r=4;          4/n;          3/n;         2,00;         2,25;          n=2;          r=3;          r=4;          4/n;          3/n;         2,00;         2,25;          n=2;          r=3;          r=4;          4/n;          3/n;         2,00;         2,25;          n=2;          r=3;          r=4;          4/n;          3/n;         2,00;         2,25;          n=2;          r=3;          r=4;          4/n;          3/n;         2,00;         2,25
avg mut/change;          1,903;        2,213;        2,808;        4,194;        3,453;        3,336;        3,137;        1,960;        2,222;        2,693;        3,951;        3,203;        3,504;        3,097;        1,980;        2,149;        2,600;        3,877;        3,104;        3,611;        3,040;        1,996;        2,038;        2,493;        3,854;        3,033;        4,127;        3,149;        1,998;        2,015;        2,471;        3,864;        3,027;        4,525;        3,286;        2,000;        1,995;        2,468;        3,925;        3,066;        5,844;        3,641;        2,000;        1,991;        2,467;        3,957;        3,079;        6,709;        3,830;        2,000;        1,994;        2,479;        4,009;        3,110;        8,510;        4,251
avg mut/step;            1,905;        2,000;        2,500;        4,000;        3,000;        2,518;        2,272;        1,961;        2,000;        2,500;        4,000;        3,000;        3,315;        2,769;        1,980;        2,000;        2,500;        4,000;        3,000;        3,955;        3,099;        1,996;        2,000;        2,500;        4,000;        3,000;        5,507;        3,701;        1,998;        2,000;        2,500;        4,000;        3,000;        6,191;        3,900;        2,000;        2,000;        2,500;        4,000;        3,000;        7,791;        4,249;        2,000;        2,000;        2,500;        4,000;        3,000;        8,485;        4,361;        2,000;        2,000;        2,500;        4,000;        3,000;       10,082;        4,558
---------
total avg count;        99.680;       97.445;       91.721;       79.375;       85.675;       88.754;       89.881;       97.036;       84.088;       77.682;       69.498;       74.244;       81.395;       83.398;       90.348;       75.856;       71.558;       66.763;       70.366;       77.305;       78.907;       57.383;       65.842;       65.374;       64.704;       65.327;       71.052;       71.457;       54.855;       65.452;       64.629;       64.390;       64.550;       68.821;       69.676;       74.874;      109.064;      105.918;      109.125;      106.881;      125.374;      128.705;       75.307;      109.219;      106.864;      110.592;      109.299;      128.948;      131.376;       75.126;       94.308;       96.892;      108.893;      104.834;      109.674;      108.445
avg eval count;            260;        4.314;       19.231;       36.909;       36.532;       40.468;       39.735;        1.875;       34.518;       39.005;       40.016;       39.907;       40.768;       40.412;        6.572;       36.531;       39.755;       40.210;       39.927;       39.431;       38.898;       35.798;       40.001;       40.011;       41.477;       40.507;       42.058;       42.199;       37.550;       40.001;       40.693;       41.432;       40.280;       40.498;       40.798;       72.436;       96.379;       94.726;       97.262;       95.037;      106.805;      107.024;       75.307;      107.429;      105.722;      110.025;      108.079;      125.448;      126.929;       75.126;       94.308;       96.892;      108.893;      104.834;      109.674;      108.445
max eval count;          1.386;       22.791;       97.554;       99.907;       99.953;       99.956;       99.968;        9.979;       99.768;       99.952;       99.935;       99.985;       99.991;       99.983;       44.897;       99.991;       99.965;       99.977;       99.995;       99.884;       99.945;       99.944;       99.983;       99.890;       99.990;       99.963;       99.978;       99.941;       99.875;       99.986;       99.995;       99.981;       99.983;       99.996;       99.965;      425.197;      424.822;      425.692;      425.722;      425.795;      425.215;      425.801;      771.387;      901.458;      915.122;      916.748;      911.630;      918.037;      920.055;      830.429;    1.735.065;    1.185.566;    1.732.614;    1.395.257;    2.790.615;    1.815.230
min eval count;             10;           28;            1;            1;            7;           12;            8;            7;            8;           12;           19;           31;           12;            8;            7;            3;            1;            0;           11;            3;            6;           32;           11;           10;           13;           25;           20;            5;           19;           18;           24;           18;           11;           16;           25;           45;           32;           79;           25;           27;           24;           12;           59;           41;           55;           12;           10;           32;           58;           72;           16;           67;           30;           72;           40;           68
---------
fails;                   9.968;        9.733;        8.975;        6.731;        7.743;        8.111;        8.321;        9.698;        7.570;        6.341;        4.915;        5.714;        6.859;        7.214;        8.967;        6.196;        5.279;        4.441;        5.067;        6.253;        6.548;        3.362;        4.307;        4.228;        3.969;        4.172;        5.004;        5.062;        2.771;        4.242;        4.036;        3.920;        4.064;        4.760;        4.878;           69;          385;          338;          361;          358;          582;          680;            0;           22;           14;            7;           15;           44;           56;            0;            0;            0;            0;            0;            0;            0
fail ratio;              0,997;        0,973;        0,898;        0,673;        0,774;        0,811;        0,832;        0,970;        0,757;        0,634;        0,492;        0,571;        0,686;        0,721;        0,897;        0,620;        0,528;        0,444;        0,507;        0,625;        0,655;        0,336;        0,431;        0,423;        0,397;        0,417;        0,500;        0,506;        0,277;        0,424;        0,404;        0,392;        0,406;        0,476;        0,488;        0,007;        0,039;        0,034;        0,036;        0,036;        0,058;        0,068;        0,000;        0,002;        0,001;        0,001;        0,002;        0,004;        0,006;        0,000;        0,000;        0,000;        0,000;        0,000;        0,000;        0,000
avg fail dif;              176;           33;            8;            2;            3;            4;            4;           29;            3;            2;            1;            1;            2;            2;            7;            2;            1;            1;            1;            2;            2;            1;            1;            1;            1;            1;            1;            1;            1;            1;            1;            1;            1;            1;            1;            1;            1;            1;            1;            1;            1;            1;           -1;            1;            1;            1;            1;            1;            1;           -1;           -1;           -1;           -1;           -1;           -1;           -1
