input type:      7
array length:    1000
number of runs:  1000
---------
n value:         100000
p:               0,100000
average value:   10000
---------
Limit per run:   69080
avg eval count:  23;3146;2137;1864;1783;1981;4512;18885;23324
max eval count:  23;29741;15894;13735;10669;17879;43186;68731;68856
min eval count:  23;21;25;18;15;2;36;9;8
---------
fails:           999;0;0;0;0;0;0;62;222
avg fail dif:    1176;-1;-1;-1;-1;-1;-1;1;1
---------
avg mut/change:  1,000;1,869;2,104;2,388;3,054;3,813;9,499;49,443;99,408
avg mut/step:    1,000;1,000;1,499;2,004;3,001;3,999;9,997;50,002;100,001