input type:      7
array length:    10000
number of runs:  1000
ratio 100 * m/n: 0,10119 -> easy
---------
n value:         10000
p:               0,100000
expected value:  1000
---------
Limit per run:   921030
avg eval count:       86;   1177;    878;    683;    641;    728;   1635;   7579;  16127
max eval count:      162;   7389;   6456;   4255;   4735;   5346;  12739;  62725; 120396
min eval count:       10;     19;      5;      4;     23;     44;     19;     13;     24
---------
fails:               998;      0;      0;      0;      0;      0;      0;      0;      0
fail ratio:        0,998;  0,000;  0,000;  0,000;  0,000;  0,000;  0,000;  0,000;  0,000
avg fail dif:        252;     -1;     -1;     -1;     -1;     -1;     -1;     -1;     -1
---------
avg mut/change:    1,000;  1,693;  1,997;  2,349;  3,104;  3,938;  9,722; 49,546; 99,613
avg mut/step:      1,000;  1,000;  1,503;  2,000;  3,000;  3,998; 10,003; 50,001;100,001