---------
Limit per run;      100.000;   100.000;   100.000;   100.000;   100.000;   100.000;   100.000;   100.000;   100.000;   100.000;   100.000;   100.000;   100.000;   100.000;   100.000;   425.860;   425.860;   425.860;   921.030;   921.030;   921.030; 5.409.890; 5.409.890; 5.409.890
array length;            20;        20;        20;        50;        50;        50;       100;       100;       100;       500;       500;       500;     1.000;     1.000;     1.000;     5.000;     5.000;     5.000;    10.000;    10.000;    10.000;    50.000;    50.000;    50.000
---------
algo type;              RLS;        EA;      pmut;       RLS;        EA;      pmut;       RLS;        EA;      pmut;       RLS;        EA;      pmut;       RLS;        EA;      pmut;       RLS;        EA;      pmut;       RLS;        EA;      pmut;       RLS;        EA;      pmut
algo param;               -;         -;     -3,25;         -;         -;     -3,25;         -;         -;     -3,25;         -;         -;     -3,25;         -;         -;     -3,25;         -;         -;     -3,25;         -;         -;     -3,25;         -;         -;     -3,25
avg mut/change;       1,000;     1,407;     1,430;     1,000;     1,427;     1,440;     1,000;     1,435;     1,453;     1,000;     1,441;     1,459;     1,000;     1,444;     1,459;     1,000;     1,442;     1,462;     1,000;     1,442;     1,462;     1,000;     1,442;     1,462
avg mut/step;         1,000;     1,002;     1,638;     1,000;     0,999;     1,700;     1,000;     1,000;     1,718;     1,000;     1,000;     1,727;     1,000;     1,000;     1,727;     1,000;     1,000;     1,729;     1,000;     1,000;     1,729;     1,000;     1,000;     1,729
---------
total avg count;         56;       132;        82;       188;       461;       283;       453;     1.100;       690;     3.053;     7.686;     4.737;     6.771;    17.316;    10.555;    42.137;   108.408;    67.020;    90.743;   236.934;   146.387;   531.449; 1.397.076;   860.731
avg eval count;          56;       132;        82;       188;       461;       283;       453;     1.100;       690;     3.053;     7.686;     4.737;     6.771;    17.316;    10.555;    42.137;   108.408;    67.020;    90.743;   236.934;   146.387;   531.449; 1.397.076;   860.731
max eval count;         188;       465;       291;       605;     1.209;       951;     1.141;     2.969;     1.882;     5.885;    20.549;    11.442;    14.637;    36.889;    20.406;    84.566;   223.651;   123.271;   154.309;   390.501;   278.762;   891.962; 2.674.559; 1.388.527
min eval count;          10;        23;         8;        54;       123;        78;       182;       433;       276;     1.874;     4.611;     2.469;     4.308;    10.527;     6.227;    28.353;    73.672;    46.303;    66.413;   166.397;   100.463;   418.646; 1.045.384;   658.144
---------
fails;                    0;         0;         0;         0;         0;         0;         0;         0;         0;         0;         0;         0;         0;         0;         0;         0;         0;         0;         0;         0;         0;         0;         0;         0
fail ratio;           0,000;     0,000;     0,000;     0,000;     0,000;     0,000;     0,000;     0,000;     0,000;     0,000;     0,000;     0,000;     0,000;     0,000;     0,000;     0,000;     0,000;     0,000;     0,000;     0,000;     0,000;     0,000;     0,000;     0,000
avg fail dif;            -1;        -1;        -1;        -1;        -1;        -1;        -1;        -1;        -1;        -1;        -1;        -1;        -1;        -1;        -1;        -1;        -1;        -1;        -1;        -1;        -1;        -1;        -1;        -1
