new long[]{968, 969, 1022, 1015, 1034, 1016, 1057, 1040, 969, 988, 988, 991},
new long[]{976, 1030, 951, 980, 1064, 1014, 1014, 983, 1006, 944, 1009, 1067},
new long[]{1068, 989, 904, 996, 1045, 986, 987, 1029, 984, 969, 1009, 1030},
new long[]{954, 951, 963, 1051, 941, 1003, 985, 1055, 1010, 1024, 985, 990},
new long[]{991, 985, 960, 1026, 985, 1009, 1055, 1038, 1012, 966, 975, 1064},
new long[]{1028, 967, 1035, 946, 1019, 1017, 1019, 1039, 999, 989, 1001, 1067},
new long[]{1000, 1048, 1060, 1003, 1029, 996, 1017, 1017, 980, 1003, 1040, 997},
new long[]{1042, 975, 968, 1025, 989, 984, 1025, 985, 964, 984, 1020, 959},
new long[]{942, 990, 996, 932, 1034, 1044, 1037, 1047, 982, 990, 985, 1021},
new long[]{1064, 950, 967, 1039, 983, 1006, 949, 981, 997, 1040, 958, 1004},
new long[]{971, 982, 1003, 973, 1005, 1039, 973, 1015, 965, 963, 960, 1039},
new long[]{941, 1002, 994, 999, 1002, 988, 1009, 908, 1006, 1037, 952, 988},
new long[]{1020, 975, 1030, 1022, 1051, 1001, 972, 1055, 1050, 977, 978, 997},
new long[]{996, 960, 1012, 1010, 1043, 1062, 982, 1029, 1021, 966, 1053, 974},
new long[]{981, 1030, 1005, 938, 1058, 1024, 1034, 1006, 959, 990, 1030, 997},
new long[]{1008, 1080, 1035, 1020, 1008, 961, 993, 970, 927, 1037, 1000, 1037},
new long[]{1034, 1048, 1000, 1026, 1032, 1050, 989, 981, 978, 1059, 941, 1032},
new long[]{1014, 1015, 1042, 1037, 982, 1001, 1015, 988, 964, 1050, 1001, 1023},
new long[]{973, 973, 997, 1046, 1004, 1020, 1083, 955, 1003, 946, 971, 983},
new long[]{980, 952, 1041, 1022, 1034, 1053, 1041, 999, 977, 975, 983, 987},
new long[]{1032, 1025, 951, 1008, 982, 965, 932, 997, 965, 1043, 1008, 1008},
new long[]{922, 1022, 1056, 957, 1003, 1045, 1014, 1007, 1006, 1022, 998, 1022},
new long[]{1003, 1033, 992, 1070, 1042, 1005, 1021, 983, 1003, 1022, 1062, 966},
new long[]{1024, 953, 1031, 1055, 980, 1004, 1039, 939, 963, 1043, 970, 1019},
new long[]{979, 989, 1058, 995, 1025, 962, 1031, 1000, 962, 990, 983, 1004},
new long[]{977, 971, 1024, 975, 1046, 983, 1022, 1010, 1016, 1020, 971, 969},
new long[]{996, 953, 1028, 974, 998, 1028, 1050, 1003, 1014, 993, 972, 1005},
new long[]{1005, 1028, 985, 932, 1015, 1017, 997, 964, 988, 1007, 954, 1008},
new long[]{1038, 990, 1024, 1035, 966, 981, 1009, 953, 1009, 981, 933, 1003},
new long[]{941, 1035, 1007, 961, 1017, 1035, 1002, 968, 1007, 987, 1037, 977},
new long[]{1093, 1016, 977, 942, 1037, 970, 1025, 973, 1034, 997, 979, 961},
new long[]{983, 987, 1041, 994, 1013, 984, 1060, 965, 1024, 945, 965, 976},
new long[]{1024, 1010, 996, 997, 989, 960, 990, 1054, 990, 1015, 1008, 937},
new long[]{1016, 1068, 1029, 1039, 994, 964, 979, 975, 1010, 981, 983, 1010},
new long[]{971, 953, 970, 1065, 1002, 960, 968, 981, 971, 981, 987, 960}
