---------
Limit per run;             600;          600;          600;          600;          600;          600;        1.960;        1.960;        1.960;        1.960;        1.960;        1.960;        4.610;        4.610;        4.610;        4.610;        4.610;        4.610;       31.070;       31.070;       31.070;       31.070;       31.070;       31.070;       69.080;       69.080;       69.080;       69.080;       69.080;       69.080;      425.860;      425.860;      425.860;      425.860;      425.860;      425.860;      921.030;      921.030;      921.030;      921.030;      921.030;      921.030
array length;               20;           20;           20;           20;           20;           20;           50;           50;           50;           50;           50;           50;          100;          100;          100;          100;          100;          100;          500;          500;          500;          500;          500;          500;        1.000;        1.000;        1.000;        1.000;        1.000;        1.000;        5.000;        5.000;        5.000;        5.000;        5.000;        5.000;       10.000;       10.000;       10.000;       10.000;       10.000;       10.000
---------
algo type;               RLS-N;        RLS-N;        EA-SM;        EA-SM;         pmut;         pmut;        RLS-N;        RLS-N;        EA-SM;        EA-SM;         pmut;         pmut;        RLS-N;        RLS-N;        EA-SM;        EA-SM;         pmut;         pmut;        RLS-N;        RLS-N;        EA-SM;        EA-SM;         pmut;         pmut;        RLS-N;        RLS-N;        EA-SM;        EA-SM;         pmut;         pmut;        RLS-N;        RLS-N;        EA-SM;        EA-SM;         pmut;         pmut;        RLS-N;        RLS-N;        EA-SM;        EA-SM;         pmut;         pmut
algo param;                n=2;          n=4;          3/n;          4/n;        -2,00;        -2,25;          n=2;          n=4;          3/n;          4/n;        -2,00;        -2,25;          n=2;          n=4;          3/n;          4/n;        -2,00;        -2,25;          n=2;          n=4;          3/n;          4/n;        -2,00;        -2,25;          n=2;          n=4;          3/n;          4/n;        -2,00;        -2,25;          n=2;          n=4;          3/n;          4/n;        -2,00;        -2,25;          n=2;          n=4;          3/n;          4/n;        -2,00;        -2,25
avg mut/change;          1,955;        3,756;        3,123;        3,922;        2,705;        2,512;        1,981;        3,917;        3,113;        3,913;        3,242;        2,913;        1,990;        3,957;        3,120;        3,911;        3,598;        3,029;        1,998;        3,993;        3,122;        3,899;        4,552;        3,340;        1,999;        3,996;        3,132;        3,931;        4,844;        3,524;        2,000;        3,999;        3,134;        3,974;        6,032;        3,736;        2,000;        4,000;        3,140;        3,987;        7,351;        3,921
avg mut/step;            1,905;        3,744;        3,000;        4,001;        2,518;        2,272;        1,961;        3,911;        3,001;        4,001;        3,317;        2,770;        1,980;        3,958;        3,000;        3,999;        3,954;        3,103;        1,996;        3,992;        3,000;        4,000;        5,507;        3,703;        1,998;        3,996;        3,000;        4,000;        6,195;        3,900;        2,000;        3,999;        3,000;        4,000;        7,793;        4,247;        2,000;        4,000;        3,000;        4,000;        8,481;        4,360
---------
total avg count;           599;          599;          599;          599;          598;          598;        1.940;        1.951;        1.951;        1.952;        1.950;        1.943;        4.540;        4.547;        4.563;        4.559;        4.572;        4.582;       27.463;       28.431;       28.977;       28.714;       29.549;       29.228;       50.158;       58.998;       58.612;       59.142;       60.883;       61.306;      118.569;      174.705;      197.173;      197.278;      217.793;      209.617;      131.440;      218.025;      250.711;      251.800;      278.585;      265.206
avg eval count;            332;          444;          459;          298;          258;          154;          710;        1.163;        1.123;          872;        1.050;          613;        2.041;        2.121;        2.155;        2.501;        2.408;        2.485;       15.851;       14.881;       15.903;       15.152;       15.064;       16.336;       27.855;       33.201;       32.479;       32.945;       31.131;       32.064;      102.736;      130.383;      142.129;      147.102;      155.993;      151.091;      130.649;      198.517;      226.399;      215.836;      241.194;      226.302
max eval count;            477;          527;          595;          439;          539;          381;        1.725;        1.895;        1.704;        1.774;        1.956;        1.656;        4.529;        3.957;        4.225;        4.594;        4.464;        4.362;       30.900;       30.814;       31.032;       30.910;       30.190;       31.048;       68.586;       68.824;       68.870;       68.806;       68.629;       68.779;      425.583;      425.721;      425.789;      425.697;      425.056;      424.780;      859.203;      910.192;      920.136;      919.453;      917.474;      918.652
min eval count;            188;          361;          127;          158;           48;           21;          193;          248;          185;           52;          175;            3;          138;          383;          135;           67;          423;          204;          160;          268;          156;           69;           35;          202;           71;          285;          127;        1.089;          114;          309;           72;           29;           40;          205;          108;          169;           96;          194;          242;           51;          256;          247
---------
fails;                     998;          998;          994;          998;          997;          997;          984;          989;          990;          993;          989;          988;          973;          975;          981;          976;          983;          987;          763;          837;          862;          852;          905;          875;          541;          719;          714;          725;          784;          790;           49;          150;          194;          180;          229;          213;            1;           27;           35;           51;           55;           56
fail ratio;              0,998;        0,998;        0,994;        0,998;        0,997;        0,997;        0,984;        0,989;        0,990;        0,993;        0,989;        0,988;        0,973;        0,975;        0,981;        0,976;        0,983;        0,987;        0,763;        0,837;        0,862;        0,852;        0,905;        0,875;        0,541;        0,719;        0,714;        0,725;        0,784;        0,790;        0,049;        0,150;        0,194;        0,180;        0,229;        0,213;        0,001;        0,027;        0,035;        0,051;        0,055;        0,056
avg fail dif;              321;          218;          244;          236;          295;          326;           64;           69;           74;           78;           93;           97;           22;           30;           33;           36;           39;           42;            3;            5;            5;            5;            6;            6;            1;            2;            2;            2;            3;            3;            1;            1;            1;            1;            1;            1;            1;            1;            1;            1;            1;            1
