---------
Limit per run;     100.000;  100.000;  100.000;  100.000;  100.000;  100.000;  100.000;  100.000;  100.000;  100.000;  100.000;  100.000;  100.000;  100.000;  100.000;  425.860;  425.860;  425.860;  921.030;  921.030;  921.030;5.409.890;5.409.890;5.409.890
array length;           20;       20;       20;       50;       50;       50;      100;      100;      100;      500;      500;      500;    1.000;    1.000;    1.000;    5.000;    5.000;    5.000;   10.000;   10.000;   10.000;   50.000;   50.000;   50.000
---------
algo type;           RLS-N;    EA-SM;     pmut;    RLS-N;    EA-SM;     pmut;    RLS-N;    EA-SM;     pmut;    RLS-N;    EA-SM;     pmut;    RLS-N;    EA-SM;     pmut;    RLS-N;    EA-SM;     pmut;    RLS-N;    EA-SM;     pmut;    RLS-N;    EA-SM;     pmut
algo param;            n=4;    100/n;    -1,25;      n=4;    100/n;    -1,25;      n=4;    100/n;    -1,25;      n=4;    100/n;    -1,25;      n=4;    100/n;    -1,25;      n=4;    100/n;    -1,25;      n=4;    100/n;    -1,25;      n=4;    100/n;    -1,25
avg mut/change;      3,484;      NaN;    3,316;    3,721;      NaN;    5,581;    3,842;      NaN;    8,675;    3,959;   99,653;   24,908;    3,976;   99,781;   39,323;    3,995;   99,979;  117,637;    3,998;   99,932;  200,083;    3,999;  100,045;  613,322
avg mut/step;        3,745;   20,000;    3,483;    3,911;   50,000;    5,999;    3,958;  100,000;    9,580;    3,992;   99,897;   27,136;    3,996;  100,046;   44,532;    3,999;  100,024;  134,303;    4,000;   99,992;  229,514;    4,000;  100,023;  716,971
---------
total avg count;       312;   91.400;        7;      127;   95.800;       10;      244;   96.500;       12;      227;       33;       20;      427;       33;       23;    2.210;       49;       37;    4.260;       67;       42;   21.550;      227;       65
avg eval count;         12;        0;        7;       27;        0;       10;       45;        0;       12;      227;       33;       20;      427;       33;       23;    2.210;       49;       37;    4.260;       67;       42;   21.550;      227;       65
max eval count;        148;        0;      214;      246;        0;       45;      500;        0;       59;    2.574;      192;      103;    4.237;      282;      124;   40.333;      242;      215;   43.489;      364;      231;  256.946;    2.064;      327
min eval count;          0;        0;        0;        0;        0;        0;        0;        0;        0;        0;        0;        0;        0;        0;        0;        0;        0;        0;        0;        0;        0;        2;        0;        1
---------
fails;                   3;      914;        0;        1;      958;        0;        2;      965;        0;        0;        0;        0;        0;        0;        0;        0;        0;        0;        0;        0;        0;        0;        0;        0
fail ratio;          0,003;    0,914;    0,000;    0,001;    0,958;    0,000;    0,002;    0,965;    0,000;    0,000;    0,000;    0,000;    0,000;    0,000;    0,000;    0,000;    0,000;    0,000;    0,000;    0,000;    0,000;    0,000;    0,000;    0,000
avg fail dif;            1;        6;       -1;        2;       14;       -1;        4;       28;       -1;       -1;       -1;       -1;       -1;       -1;       -1;       -1;       -1;       -1;       -1;       -1;       -1;       -1;       -1;       -1
