input type:      8
array length:    1000
number of runs:  1000
---------
n value:         100000
p:               0,000100
expected value:  10000
---------
Limit per run:   69080
avg eval count:  1429;25735;24196;22895;23653;25152;29535;31206;31069
max eval count:  5174;68872;68497;68888;68729;68763;68913;68895;68748
min eval count:  11;31;74;16;73;85;203;161;128
---------
fails:           893;493;393;310;272;249;404;684;749
avg fail dif:    7;1;1;1;1;1;1;2;3
---------
avg mut/change:  1,000;1,541;1,853;2,193;2,899;3,723;9,601;49,595;99,600
avg mut/step:    1,000;1,001;1,501;2,000;3,000;4,000;9,999;50,001;100,003