input type:      8
array length:    1000
number of runs:  1000
---------
n value:         1000
p:               0,001000
expected value:  1000
---------
Limit per run:   69080
avg eval count:       895;    6844;    4366;    3668;    3263;    3295;    4627;    9443;   12602
max eval count:      5011;   68619;   55698;   49601;   60426;   31583;   40273;   67834;   68875
min eval count:         8;      30;       4;       9;      16;       7;       2;      16;      14
---------
fails:                401;       6;       0;       0;       0;       0;       0;       6;      15
avg fail dif:           1;       1;      -1;      -1;      -1;      -1;      -1;       1;       1
---------
avg mut/change:     1,000;   1,550;   1,887;   2,226;   3,041;   3,910;   9,735;  49,797;  99,723
avg mut/step:       1,000;   1,001;   1,500;   2,000;   2,999;   3,999;   9,999;  49,999;  99,996