input type:      8
array length:    1000
number of runs:  1000
---------
n value:         1000
p:               0,001000
expected value:  1000
---------
Limit per run:   69080
avg eval count:  860;6983;4853;4217;3275;3256;4735;10139;13267
max eval count:  4380;66985;43058;60596;29013;25722;30780;64722;68881
min eval count:  8;3;3;11;9;11;0;4;11
---------
fails:           429;9;0;0;0;0;0;0;20
avg fail dif:    1;1;-1;-1;-1;-1;-1;-1;1
---------
avg mut/change:  1,000;1,550;1,886;2,224;3,040;3,929;9,721;49,839;99,612
avg mut/step:    1,000;1,001;1,500;1,999;3,001;4,000;10,002;50,001;100,000