number of runs;  1.000
input type;      OneMax equivalent for partition (2)
Fields with sum; 1
Input: [1, 1, 1, 1, 1, 1, 1, 1, 1, 1, ..., 1, 1, 1, 1, 1, 1, 1, 1, 1, 49999]
---------
Limit per run;              600;           600;           600;           600;         1.960;         1.960;         1.960;         1.960;         4.610;         4.610;         4.610;         4.610;        31.070;        31.070;        31.070;        69.080;        31.070;        69.080;        69.080;        69.080;       425.860;       425.860;       425.860;       921.030;       425.860;       921.030;       921.030;       921.030;     5.409.890;     5.409.890;     5.409.890;     5.409.890
array length;                20;            20;            20;            20;            50;            50;            50;            50;           100;           100;           100;           100;           500;           500;           500;         1.000;           500;         1.000;         1.000;         1.000;         5.000;         5.000;         5.000;        10.000;         5.000;        10.000;        10.000;        10.000;        50.000;        50.000;        50.000;        50.000
---------
algo type;                  RLS;          pmut;          pmut;            EA;           RLS;          pmut;          pmut;            EA;           RLS;          pmut;          pmut;            EA;           RLS;          pmut;          pmut;           RLS;            EA;          pmut;          pmut;            EA;           RLS;          pmut;          pmut;           RLS;            EA;          pmut;          pmut;            EA;           RLS;          pmut;          pmut;            EA
algo param;                   -;         -3,50;         -3,25;             -;             -;         -3,50;         -3,25;             -;             -;         -3,50;         -3,25;             -;             -;         -3,50;         -3,25;             -;             -;         -3,50;         -3,25;             -;             -;         -3,50;         -3,25;             -;             -;         -3,50;         -3,25;             -;             -;         -3,50;         -3,25;             -
avg mut/change;           1,000;         1,211;         1,250;         1,234;         1,000;         1,222;         1,266;         1,251;         1,000;         1,227;         1,275;         1,268;         1,000;         1,235;         1,286;         1,000;         1,268;         1,231;         1,286;         1,273;         1,000;         1,233;         1,287;         1,000;         1,272;         1,233;         1,287;         1,272;         1,000;         1,233;         1,287;         1,272
avg mut/step;             1,000;         1,547;         1,638;         0,999;         1,000;         1,578;         1,699;         0,998;         1,000;         1,585;         1,718;         1,002;         1,000;         1,590;         1,727;         1,000;         1,000;         1,591;         1,728;         1,000;         1,000;         1,590;         1,729;         1,000;         1,000;         1,590;         1,729;         1,000;         1,000;         1,590;         1,729;         1,000
---------
total avg count;             56;            77;            82;           131;           187;           265;           277;           438;           446;           642;           667;         1.059;         3.050;         4.393;         4.666;         6.725;         7.435;         9.930;        10.432;        16.963;        42.056;        62.337;        66.450;        90.485;       106.410;       137.048;       142.919;       230.310;       537.292;       801.570;       846.722;     1.379.632
avg eval count;              56;            77;            82;           131;           187;           265;           277;           438;           446;           642;           667;         1.059;         3.050;         4.393;         4.666;         6.725;         7.435;         9.930;        10.432;        16.963;        42.056;        62.337;        66.450;        90.485;       106.410;       137.048;       142.919;       230.310;       537.292;       801.570;       846.722;     1.379.632
max eval count;             190;           261;           358;           476;           494;           845;           909;         1.242;         1.228;         1.476;         1.969;         2.587;         6.305;        10.999;        10.098;        12.497;        17.117;        21.773;        19.149;        36.299;        69.753;       132.943;       124.136;       164.700;       199.797;       265.413;       241.953;       390.731;       862.040;     1.176.122;     1.379.831;     2.190.328
min eval count;              13;            10;            16;             3;            74;            74;           102;           139;           205;           237;           282;           430;         1.756;         2.511;         2.274;         4.318;         4.502;         5.374;         6.287;        10.278;        28.661;        43.744;        46.180;        64.258;        72.374;        97.068;        97.011;       162.142;       398.391;       597.202;       639.113;       959.944
---------
fails;                        0;             0;             0;             0;             0;             0;             0;             0;             0;             0;             0;             0;             0;             0;             0;             0;             0;             0;             0;             0;             0;             0;             0;             0;             0;             0;             0;             0;             0;             0;             0;             0
fail ratio;               0,000;         0,000;         0,000;         0,000;         0,000;         0,000;         0,000;         0,000;         0,000;         0,000;         0,000;         0,000;         0,000;         0,000;         0,000;         0,000;         0,000;         0,000;         0,000;         0,000;         0,000;         0,000;         0,000;         0,000;         0,000;         0,000;         0,000;         0,000;         0,000;         0,000;         0,000;         0,000
avg fail dif;                -1;            -1;            -1;            -1;            -1;            -1;            -1;            -1;            -1;            -1;            -1;            -1;            -1;            -1;            -1;            -1;            -1;            -1;            -1;            -1;            -1;            -1;            -1;            -1;            -1;            -1;            -1;            -1;            -1;            -1;            -1;            -1
---------
RLS     -> standard RLS: uniform random neighbour with Hamming Distance == 1
RLS-N   -> modified RLS: uniform random neighbour with Hamming Distance <= n
RLS-R   -> modified RLS: uniform random neighbour with Hamming Distance == x, where x is chosen uniform random from {1,...,r}
EA      -> standard EA : each bit is flipped with prob 1/n
EA-SM   -> modified EA : each bit is flipped with prob c/n
fmut    -> 1 bit flip with prob p and uniform random amount with 1-p
pmut    -> flips k random bits where k is chosen from powerlaw distribution
