---------
Limit per run;      100.000;   100.000;   100.000;   100.000;   100.000;   100.000;   100.000;   100.000;   100.000;   100.000;   100.000;   100.000;   100.000;   100.000;   100.000;   100.000;   100.000;   100.000;   100.000;   100.000;   425.860;   425.860;   425.860;   425.860;   921.030;   921.030;   921.030;   921.030; 5.409.890; 5.409.890; 5.409.890; 5.409.890
array length;            20;        20;        20;        20;        50;        50;        50;        50;       100;       100;       100;       100;       500;       500;       500;       500;     1.000;     1.000;     1.000;     1.000;     5.000;     5.000;     5.000;     5.000;    10.000;    10.000;    10.000;    10.000;    50.000;    50.000;    50.000;    50.000
---------
algo type;              RLS;        EA;      pmut;      pmut;       RLS;        EA;      pmut;      pmut;       RLS;        EA;      pmut;      pmut;       RLS;        EA;      pmut;      pmut;       RLS;        EA;      pmut;      pmut;       RLS;        EA;      pmut;      pmut;       RLS;        EA;      pmut;      pmut;       RLS;        EA;      pmut;      pmut
algo param;               -;         -;      3,25;      3,50;         -;         -;      3,25;      3,50;         -;         -;      3,25;      3,50;         -;         -;      3,25;      3,50;         -;         -;      3,25;      3,50;         -;         -;      3,25;      3,50;         -;         -;      3,25;      3,50;         -;         -;      3,25;      3,50
avg mut/change;       1,000;     1,238;     1,245;     1,206;     1,000;     1,256;     1,271;     1,220;     1,000;     1,265;     1,278;     1,227;     1,000;     1,271;     1,284;     1,232;     1,000;     1,271;     1,286;     1,232;     1,000;     1,272;     1,287;     1,233;     1,000;     1,272;     1,287;     1,233;     1,000;     1,272;     1,287;     1,233
avg mut/step;         1,000;     0,999;     1,636;     1,542;     1,000;     1,000;     1,698;     1,576;     1,000;     1,000;     1,716;     1,585;     1,000;     1,000;     1,727;     1,589;     1,000;     1,000;     1,728;     1,590;     1,000;     1,000;     1,729;     1,590;     1,000;     1,000;     1,729;     1,590;     1,000;     1,000;     1,729;     1,590
---------
total avg count;         56;       127;        81;        78;       187;       440;       279;       265;       445;     1.067;       668;       633;     3.043;     7.508;     4.658;     4.441;     6.806;    16.891;    10.482;     9.934;    42.015;   106.262;    65.741;    62.256;    90.965;   231.900;   143.099;   135.511;   535.015; 1.375.551;   851.945;   802.145
avg eval count;          56;       127;        81;        78;       187;       440;       279;       265;       445;     1.067;       668;       633;     3.043;     7.508;     4.658;     4.441;     6.806;    16.891;    10.482;     9.934;    42.015;   106.262;    65.741;    62.256;    90.965;   231.900;   143.099;   135.511;   535.015; 1.375.551;   851.945;   802.145
max eval count;         201;       622;       470;       377;       635;     1.533;     1.210;     1.036;     1.297;     3.480;     2.009;     1.935;     7.182;    21.795;    12.847;    10.200;    19.191;    40.468;    25.054;    24.015;    91.676;   229.827;   132.004;   129.400;   168.282;   545.752;   334.425;   304.509;   888.241; 2.723.393; 1.513.570; 1.519.833
min eval count;           6;         3;         7;        11;        51;       131;        53;        67;       180;       398;       221;       205;     1.760;     3.693;     2.363;     2.133;     4.080;     9.384;     5.906;     5.581;    26.450;    68.728;    39.678;    38.951;    62.479;   153.058;    94.467;    92.401;   398.163;   976.140;   620.680;   583.463
---------
fails;                    0;         0;         0;         0;         0;         0;         0;         0;         0;         0;         0;         0;         0;         0;         0;         0;         0;         0;         0;         0;         0;         0;         0;         0;         0;         0;         0;         0;         0;         0;         0;         0
fail ratio;           0,000;     0,000;     0,000;     0,000;     0,000;     0,000;     0,000;     0,000;     0,000;     0,000;     0,000;     0,000;     0,000;     0,000;     0,000;     0,000;     0,000;     0,000;     0,000;     0,000;     0,000;     0,000;     0,000;     0,000;     0,000;     0,000;     0,000;     0,000;     0,000;     0,000;     0,000;     0,000
avg fail dif;            -1;        -1;        -1;        -1;        -1;        -1;        -1;        -1;        -1;        -1;        -1;        -1;        -1;        -1;        -1;        -1;        -1;        -1;        -1;        -1;        -1;        -1;        -1;        -1;        -1;        -1;        -1;        -1;        -1;        -1;        -1;        -1
