number of runs;  1.000
input type;      overlapped (12)
---------
Limit per run;         100.000;      100.000;      100.000;      100.000;      100.000;      100.000;      100.000;      100.000;      100.000;      100.000;      100.000;      100.000;      100.000;      100.000;      100.000;      100.000;      100.000;      100.000;      100.000;      100.000;      100.000;      100.000;      100.000;      100.000;      100.000;      100.000;      100.000;      100.000;      100.000;      100.000;      425.860;      921.030;    5.409.890;      425.860;      425.860;      425.860;      425.860;    5.409.890;      921.030;      425.860;      921.030;      921.030;    5.409.890;      921.030;    5.409.890;      921.030;    5.409.890;    5.409.890
array length;            1.000;          500;        1.000;          500;          100;           50;        1.000;          500;        1.000;          500;          100;        1.000;          500;          500;           50;        1.000;          100;          100;          100;           50;           20;           50;           20;           50;          100;           20;           20;           20;           50;           20;        5.000;       10.000;       50.000;        5.000;        5.000;        5.000;        5.000;       50.000;       10.000;        5.000;       10.000;       10.000;       50.000;       10.000;       50.000;       10.000;       50.000;       50.000
---------
algo type;               RLS-N;        RLS-N;        RLS-N;        RLS-N;        RLS-N;        RLS-N;        EA-SM;        EA-SM;        EA-SM;        EA-SM;        EA-SM;         pmut;         pmut;         pmut;        EA-SM;         pmut;        EA-SM;         pmut;         pmut;        EA-SM;        EA-SM;         pmut;        EA-SM;         pmut;        RLS-N;         pmut;         pmut;        RLS-N;        RLS-N;        RLS-N;        RLS-N;        RLS-N;        RLS-N;        RLS-N;        EA-SM;        EA-SM;         pmut;        RLS-N;        RLS-N;         pmut;        EA-SM;        EA-SM;        EA-SM;         pmut;        EA-SM;         pmut;         pmut;         pmut
algo param;                n=2;          n=2;          n=4;          n=4;          n=4;          n=4;          3/n;          3/n;          4/n;          4/n;          4/n;        -2,25;        -2,25;        -2,00;          4/n;        -2,00;          3/n;        -2,00;        -2,25;          3/n;          4/n;        -2,00;          3/n;        -2,25;          n=2;        -2,00;        -2,25;          n=4;          n=2;          n=2;          n=2;          n=2;          n=2;          n=4;          4/n;          3/n;        -2,00;          n=4;          n=4;        -2,25;          3/n;          4/n;          3/n;        -2,25;          4/n;        -2,00;        -2,25;        -2,00
avg mut/change;          1,999;        1,997;        3,996;        3,993;        3,963;        3,917;        3,159;        3,127;        3,939;        3,904;        3,926;        3,462;        3,307;        4,358;        4,009;        4,680;        3,164;        3,759;        3,231;        3,291;        4,256;        3,663;        3,530;        3,234;        1,993;        3,489;        3,226;        3,752;        1,982;        1,952;        2,000;        2,000;        2,000;        3,999;        3,997;        3,149;        6,279;        4,000;        4,000;        3,722;        3,142;        3,977;        3,148;        3,813;        4,050;        7,208;        4,478;        9,444
avg mut/step;            1,998;        1,996;        3,996;        3,992;        3,958;        3,912;        3,000;        3,000;        4,000;        4,000;        4,000;        3,900;        3,702;        5,509;        4,000;        6,192;        3,000;        3,955;        3,099;        3,000;        4,000;        3,315;        3,000;        2,769;        1,980;        2,519;        2,272;        3,745;        1,961;        1,905;        2,000;        2,000;        2,000;        3,999;        4,000;        3,000;        7,785;        4,000;        4,000;        4,247;        3,000;        4,000;        3,000;        4,360;        4,000;        8,470;        4,552;       10,089
---------
total avg count;        65.619;       69.387;       76.742;       76.943;       77.231;       78.806;       79.519;       80.555;       80.808;       81.219;       81.966;       82.206;       82.283;       82.288;       83.341;       83.763;       84.458;       86.229;       87.110;       87.247;       88.886;       91.390;       91.614;       92.706;       92.885;       94.275;       94.673;       96.070;       98.222;       99.600;      118.301;      119.398;      125.415;      184.503;      197.872;      200.216;      208.601;      214.170;      217.740;      223.755;      237.087;      245.438;      252.713;      260.179;      265.620;      268.896;      292.367;      311.606
avg eval count;         36.214;       38.282;       42.289;       41.924;       43.921;       40.966;       45.530;       43.801;       46.689;       47.246;       44.340;       43.691;       40.548;       47.443;       43.144;       46.591;       42.439;       39.603;       40.325;       42.555;       37.212;       42.601;       36.470;       42.113;        7.598;       40.368;       39.476;        8.626;        1.247;          172;      105.152;      117.792;      125.415;      138.187;      143.697;      145.209;      148.390;      214.170;      201.183;      157.816;      212.281;      220.208;      252.713;      226.129;      265.620;      232.398;      292.367;      311.606
max eval count;         99.864;       99.862;       99.889;       99.903;       99.732;       99.818;       99.906;       99.557;       99.954;       99.885;       99.858;       99.722;       98.521;       99.200;       99.479;       99.874;       99.179;       98.467;       97.086;       99.430;       97.744;       97.220;       96.782;       99.351;       30.007;       96.977;       99.388;       36.389;        2.785;          279;      424.843;      878.809;    1.406.826;      421.884;      424.860;      421.145;      425.786;    2.072.997;      914.834;      425.071;      920.536;      916.358;    1.691.950;      915.490;    2.267.267;      911.473;    3.549.988;    2.217.270
min eval count;             59;          293;           13;          143;          148;           14;          304;          362;          545;           91;            2;           18;          169;          123;           72;          146;          414;          169;        1.093;          516;          307;          372;           42;          265;           51;          793;          508;          332;           78;           74;          298;           99;          187;           79;           34;          125;           72;          507;           82;          130;          100;          166;          227;          215;          259;           55;          301;          685
---------
fails;                     461;          504;          597;          603;          594;          641;          624;          654;          640;          644;          676;          684;          702;          663;          707;          696;          730;          772;          784;          778;          823;          850;          868;          874;          923;          904;          912;          957;          982;          996;           41;            2;            0;          161;          192;          196;          217;            0;           23;          246;           35;           36;            0;           49;            0;           53;            0;            0
fail ratio;              0,461;        0,504;        0,597;        0,603;        0,594;        0,641;        0,624;        0,654;        0,640;        0,644;        0,676;        0,684;        0,702;        0,663;        0,707;        0,696;        0,730;        0,772;        0,784;        0,778;        0,823;        0,850;        0,868;        0,874;        0,923;        0,904;        0,912;        0,957;        0,982;        0,996;        0,041;        0,002;        0,000;        0,161;        0,192;        0,196;        0,217;        0,000;        0,023;        0,246;        0,035;        0,036;        0,000;        0,049;        0,000;        0,053;        0,000;        0,000
avg fail dif;                1;            1;            2;            1;            2;            2;            2;            2;            2;            2;            2;            2;            2;            2;            2;            2;            2;            3;            4;            3;            4;            4;            6;            5;           12;            7;            8;           14;           46;          298;            1;            1;           -1;            1;            1;            1;            1;           -1;            1;            1;            1;            1;           -1;            1;           -1;            1;           -1;           -1
---------
RLS     -> standard RLS: uniform random neighbour with Hamming Distance == 1
RLS-N   -> modified RLS: uniform random neighbour with Hamming Distance <= n
RLS-R   -> modified RLS: uniform random neighbour with Hamming Distance == x, where x is chosen uniform random from {1,...,r}
EA      -> standard EA : each bit is flipped with prob 1/n
EA-SM   -> modified EA : each bit is flipped with prob c/n
fmut    -> 1 bit flip with prob p and uniform random amount with 1-p
pmut    -> flips k random bits where k is chosen from powerlaw distribution
