---------
Limit per run;         100.000;      100.000;      100.000;      100.000;      100.000;      100.000;      100.000;      100.000;      100.000;      100.000;      100.000;      100.000;      100.000;      100.000;      100.000;      100.000;      100.000;      100.000;      100.000;      100.000;      100.000;      100.000;      100.000;      100.000;      100.000;      100.000;      100.000;      100.000;      100.000;      100.000;      425.860;      425.860;      425.860;      425.860;      425.860;      425.860;      921.030;      921.030;      921.030;      921.030;      921.030;      921.030;    5.409.890;    5.409.890;    5.409.890;    5.409.890;    5.409.890;    5.409.890
array length;               20;           20;           20;           20;           20;           20;           50;           50;           50;           50;           50;           50;          100;          100;          100;          100;          100;          100;          500;          500;          500;          500;          500;          500;        1.000;        1.000;        1.000;        1.000;        1.000;        1.000;        5.000;        5.000;        5.000;        5.000;        5.000;        5.000;       10.000;       10.000;       10.000;       10.000;       10.000;       10.000;       50.000;       50.000;       50.000;       50.000;       50.000;       50.000
---------
algo type;               RLS-N;        RLS-N;        EA-SM;        EA-SM;         pmut;         pmut;        RLS-N;        RLS-N;        EA-SM;        EA-SM;         pmut;         pmut;        RLS-N;        RLS-N;        EA-SM;        EA-SM;         pmut;         pmut;        RLS-N;        RLS-N;        EA-SM;        EA-SM;         pmut;         pmut;        RLS-N;        RLS-N;        EA-SM;        EA-SM;         pmut;         pmut;        RLS-N;        RLS-N;        EA-SM;        EA-SM;         pmut;         pmut;        RLS-N;        RLS-N;        EA-SM;        EA-SM;         pmut;         pmut;        RLS-N;        RLS-N;        EA-SM;        EA-SM;         pmut;         pmut
algo param;                n=2;          n=4;          3/n;          4/n;        -2,00;        -2,25;          n=2;          n=4;          3/n;          4/n;        -2,00;        -2,25;          n=2;          n=4;          3/n;          4/n;        -2,00;        -2,25;          n=2;          n=4;          3/n;          4/n;        -2,00;        -2,25;          n=2;          n=4;          3/n;          4/n;        -2,00;        -2,25;          n=2;          n=4;          3/n;          4/n;        -2,00;        -2,25;          n=2;          n=4;          3/n;          4/n;        -2,00;        -2,25;          n=2;          n=4;          3/n;          4/n;        -2,00;        -2,25
avg mut/change;          1,952;        3,752;        3,530;        4,256;        3,489;        3,226;        1,982;        3,917;        3,291;        4,009;        3,663;        3,234;        1,993;        3,963;        3,164;        3,926;        3,759;        3,231;        1,997;        3,993;        3,127;        3,904;        4,358;        3,307;        1,999;        3,996;        3,159;        3,939;        4,680;        3,462;        2,000;        3,999;        3,149;        3,997;        6,279;        3,722;        2,000;        4,000;        3,142;        3,977;        7,208;        3,813;        2,000;        4,000;        3,148;        4,050;        9,444;        4,478
avg mut/step;            1,905;        3,745;        3,000;        4,000;        2,519;        2,272;        1,961;        3,912;        3,000;        4,000;        3,315;        2,769;        1,980;        3,958;        3,000;        4,000;        3,955;        3,099;        1,996;        3,992;        3,000;        4,000;        5,509;        3,702;        1,998;        3,996;        3,000;        4,000;        6,192;        3,900;        2,000;        3,999;        3,000;        4,000;        7,785;        4,247;        2,000;        4,000;        3,000;        4,000;        8,470;        4,360;        2,000;        4,000;        3,000;        4,000;       10,089;        4,552
---------
total avg count;        99.600;       96.070;       91.614;       88.886;       94.275;       94.673;       98.222;       78.806;       87.247;       83.341;       91.390;       92.706;       92.885;       77.231;       84.458;       81.966;       86.229;       87.110;       69.387;       76.943;       80.555;       81.219;       82.288;       82.283;       65.619;       76.742;       79.519;       80.808;       83.763;       82.206;      118.301;      184.503;      200.216;      197.872;      208.601;      223.755;      119.398;      217.740;      237.087;      245.438;      268.896;      260.179;      125.415;      214.170;      252.713;      265.620;      311.606;      292.367
avg eval count;            172;        8.626;       36.470;       37.212;       40.368;       39.476;        1.247;       40.966;       42.555;       43.144;       42.601;       42.113;        7.598;       43.921;       42.439;       44.340;       39.603;       40.325;       38.282;       41.924;       43.801;       47.246;       47.443;       40.548;       36.214;       42.289;       45.530;       46.689;       46.591;       43.691;      105.152;      138.187;      145.209;      143.697;      148.390;      157.816;      117.792;      201.183;      212.281;      220.208;      232.398;      226.129;      125.415;      214.170;      252.713;      265.620;      311.606;      292.367
max eval count;            279;       36.389;       96.782;       97.744;       96.977;       99.388;        2.785;       99.818;       99.430;       99.479;       97.220;       99.351;       30.007;       99.732;       99.179;       99.858;       98.467;       97.086;       99.862;       99.903;       99.557;       99.885;       99.200;       98.521;       99.864;       99.889;       99.906;       99.954;       99.874;       99.722;      424.843;      421.884;      421.145;      424.860;      425.786;      425.071;      878.809;      914.834;      920.536;      916.358;      911.473;      915.490;    1.406.826;    2.072.997;    1.691.950;    2.267.267;    2.217.270;    3.549.988
min eval count;             74;          332;           42;          307;          793;          508;           78;           14;          516;           72;          372;          265;           51;          148;          414;            2;          169;        1.093;          293;          143;          362;           91;          123;          169;           59;           13;          304;          545;          146;           18;          298;           79;          125;           34;           72;          130;           99;           82;          100;          166;           55;          215;          187;          507;          227;          259;          685;          301
---------
fails;                     996;          957;          868;          823;          904;          912;          982;          641;          778;          707;          850;          874;          923;          594;          730;          676;          772;          784;          504;          603;          654;          644;          663;          702;          461;          597;          624;          640;          696;          684;           41;          161;          196;          192;          217;          246;            2;           23;           35;           36;           53;           49;            0;            0;            0;            0;            0;            0
fail ratio;              0,996;        0,957;        0,868;        0,823;        0,904;        0,912;        0,982;        0,641;        0,778;        0,707;        0,850;        0,874;        0,923;        0,594;        0,730;        0,676;        0,772;        0,784;        0,504;        0,603;        0,654;        0,644;        0,663;        0,702;        0,461;        0,597;        0,624;        0,640;        0,696;        0,684;        0,041;        0,161;        0,196;        0,192;        0,217;        0,246;        0,002;        0,023;        0,035;        0,036;        0,053;        0,049;        0,000;        0,000;        0,000;        0,000;        0,000;        0,000
avg fail dif;              298;           14;            6;            4;            7;            8;           46;            2;            3;            2;            4;            5;           12;            2;            2;            2;            3;            4;            1;            1;            2;            2;            2;            2;            1;            2;            2;            2;            2;            2;            1;            1;            1;            1;            1;            1;            1;            1;            1;            1;            1;            1;           -1;           -1;           -1;           -1;           -1;           -1
