number of runs;  1.000
input type;      mixed and overlapped (13)
---------
Limit per run;     4.258.600;  9.210.300;    690.800;  4.258.600;  9.210.300;    690.800; 54.098.900; 54.098.900;    310.700;    310.700;  4.258.600;  9.210.300;    690.800;  9.210.300;  4.258.600;    690.800; 54.098.900;    310.700;    310.700; 54.098.900;  4.258.600;  9.210.300;    690.800; 54.098.900;    310.700;    100.000;    100.000;    100.000;    100.000;    100.000;    100.000;    100.000;  4.258.600; 54.098.900;  9.210.300;    310.700;    690.800;    100.000;    100.000;    100.000;    100.000;    100.000;    100.000;    100.000;    100.000;    100.000;    100.000;    100.000
array length;          5.000;     10.000;      1.000;      5.000;     10.000;      1.000;     50.000;     50.000;        500;        500;      5.000;     10.000;      1.000;     10.000;      5.000;      1.000;     50.000;        500;        500;     50.000;      5.000;     10.000;      1.000;     50.000;        500;        100;        100;        100;        100;        100;         50;         50;      5.000;     50.000;     10.000;        500;      1.000;        100;         50;         50;         50;         50;         20;         20;         20;         20;         20;         20
---------
algo type;              pmut;       pmut;       pmut;       pmut;       pmut;       pmut;       pmut;       pmut;       pmut;       pmut;      EA-SM;      EA-SM;      EA-SM;      RLS-N;      RLS-N;      RLS-N;      EA-SM;      RLS-N;      EA-SM;      RLS-N;      EA-SM;      EA-SM;      EA-SM;      EA-SM;      EA-SM;      EA-SM;      EA-SM;      RLS-N;       pmut;       pmut;      EA-SM;      EA-SM;      RLS-N;      RLS-N;      RLS-N;      RLS-N;      RLS-N;      RLS-N;      RLS-N;       pmut;       pmut;      RLS-N;      EA-SM;      EA-SM;       pmut;       pmut;      RLS-N;      RLS-N
algo param;            -2,50;      -2,50;      -2,50;      -2,25;      -2,25;      -2,25;      -2,50;      -2,25;      -2,25;      -2,50;        3/n;        3/n;        3/n;        n=2;        n=2;        n=2;        3/n;        n=2;        3/n;        n=2;        4/n;        4/n;        4/n;        4/n;        4/n;        4/n;        3/n;        n=2;      -2,25;      -2,50;        4/n;        3/n;        n=4;        n=4;        n=4;        n=4;        n=4;        n=4;        n=4;      -2,25;      -2,50;        n=2;        4/n;        3/n;      -2,25;      -2,50;        n=4;        n=2
avg mut/change;        2,042;      2,201;      1,749;      2,826;      2,947;      2,102;      2,572;      3,534;      1,911;      1,628;      2,439;      2,585;      2,150;      2,000;      1,999;      1,993;      2,825;      1,984;      2,042;      2,000;      3,090;      3,285;      2,709;      3,613;      2,586;      2,458;      1,989;      1,910;      1,746;      1,577;      2,606;      2,097;      3,998;      4,000;      4,000;      3,983;      3,993;      3,893;      3,740;      1,830;      1,699;      1,845;      3,041;      2,473;      2,149;      2,048;      3,306;      1,763
avg mut/step;          2,868;      2,920;      2,822;      4,288;      4,307;      3,882;      2,914;      4,491;      3,702;      2,765;      3,000;      3,000;      2,999;      2,000;      2,000;      1,998;      2,998;      1,996;      3,003;      2,000;      4,000;      3,999;      3,999;      3,999;      3,999;      3,999;      3,000;      1,980;      3,101;      2,531;      4,000;      3,000;      3,999;      4,000;      4,000;      3,992;      3,996;      3,958;      3,912;      2,770;      2,366;      1,961;      4,000;      3,000;      2,272;      2,065;      3,745;      1,905
---------
total avg count;         640;        640;        644;        669;        697;        703;        711;        786;        804;        936;      1.185;      1.187;      1.207;      1.232;      1.239;      1.258;      1.262;      1.316;      1.338;      1.341;      1.852;      1.881;      1.883;      1.941;      2.058;      8.617;      9.119;     10.978;     12.625;     13.395;     20.035;     24.082;     24.647;     24.930;     25.956;     26.011;     27.235;     27.257;     30.589;     32.603;     34.383;     58.733;     62.327;     68.556;     73.786;     76.845;     77.324;     97.109
avg eval count;          640;        640;        644;        669;        697;        703;        711;        786;        804;        936;      1.185;      1.187;      1.207;      1.232;      1.239;      1.258;      1.262;      1.316;      1.338;      1.341;      1.852;      1.881;      1.883;      1.941;      2.058;      6.466;      6.114;      2.066;      6.949;      7.474;     12.511;     13.434;     24.647;     24.930;     25.956;     26.011;     27.235;     23.023;     23.808;     14.362;     13.663;      1.512;     24.654;     23.308;     28.572;     26.956;      7.067;        342
max eval count;        2.206;      1.978;      2.486;      2.039;      1.862;      3.588;      1.959;      2.032;     18.841;     52.696;      4.390;      3.524;      3.998;      4.927;      5.390;      5.845;      4.063;      7.437;     11.762;      6.034;      5.741;      6.967;      7.292;      7.404;     25.037;     98.674;     98.237;     33.374;     99.425;     97.393;     99.770;     98.151;    181.267;    162.270;    135.919;    259.965;    255.785;     99.942;     99.629;     99.841;     99.162;      6.901;     99.975;     99.731;     99.992;     99.907;     49.625;      1.011
min eval count;           59;         56;         34;         39;         49;         62;         33;         72;         63;          1;         48;         59;         43;         81;         52;         38;         77;         39;          7;        109;         54;         41;         46;        152;         32;         17;         44;          2;         34;         28;         53;         34;        208;        137;        108;          3;        155;         27;         39;         24;         44;         23;        106;         37;         30;         12;        159;         12
---------
fails;                     0;          0;          0;          0;          0;          0;          0;          0;          0;          0;          0;          0;          0;          0;          0;          0;          0;          0;          0;          0;          0;          0;          0;          0;          0;         23;         32;         91;         61;         64;         86;        123;          0;          0;          0;          0;          0;         55;         89;        213;        240;        581;        500;        590;        633;        683;        756;        971
fail ratio;            0,000;      0,000;      0,000;      0,000;      0,000;      0,000;      0,000;      0,000;      0,000;      0,000;      0,000;      0,000;      0,000;      0,000;      0,000;      0,000;      0,000;      0,000;      0,000;      0,000;      0,000;      0,000;      0,000;      0,000;      0,000;      0,023;      0,032;      0,091;      0,061;      0,064;      0,086;      0,123;      0,000;      0,000;      0,000;      0,000;      0,000;      0,055;      0,089;      0,213;      0,240;      0,581;      0,500;      0,590;      0,633;      0,683;      0,756;      0,971
avg fail dif;             -1;         -1;         -1;         -1;         -1;         -1;         -1;         -1;         -1;         -1;         -1;         -1;         -1;         -1;         -1;         -1;         -1;         -1;         -1;         -1;         -1;         -1;         -1;         -1;         -1;          1;          1;          4;          1;          1;          1;          1;         -1;         -1;         -1;         -1;         -1;          1;          1;          2;          2;         22;          3;          5;          5;          6;         15;        213
---------
RLS     -> standard RLS: uniform random neighbour with Hamming Distance == 1
RLS-N   -> modified RLS: uniform random neighbour with Hamming Distance <= n
RLS-R   -> modified RLS: uniform random neighbour with Hamming Distance == x, where x is chosen uniform random from {1,...,r}
EA      -> standard EA : each bit is flipped with prob 1/n
EA-SM   -> modified EA : each bit is flipped with prob c/n
fmut    -> 1 bit flip with prob p and uniform random amount with 1-p
pmut    -> flips k random bits where k is chosen from powerlaw distribution
