---------
Limit per run;       100.000;    100.000;    100.000;    100.000;    100.000;    100.000;    100.000;    100.000;    100.000;    100.000;    100.000;    100.000;    100.000;    100.000;    100.000;    100.000;    100.000;    100.000;    310.700;    310.700;    310.700;    310.700;    310.700;    310.700;    690.800;    690.800;    690.800;    690.800;    690.800;    690.800;  4.258.600;  4.258.600;  4.258.600;  4.258.600;  4.258.600;  4.258.600;  9.210.300;  9.210.300;  9.210.300;  9.210.300;  9.210.300;  9.210.300; 54.098.900; 54.098.900; 54.098.900; 54.098.900; 54.098.900; 54.098.900
array length;             20;         20;         20;         20;         20;         20;         50;         50;         50;         50;         50;         50;        100;        100;        100;        100;        100;        100;        500;        500;        500;        500;        500;        500;      1.000;      1.000;      1.000;      1.000;      1.000;      1.000;      5.000;      5.000;      5.000;      5.000;      5.000;      5.000;     10.000;     10.000;     10.000;     10.000;     10.000;     10.000;     50.000;     50.000;     50.000;     50.000;     50.000;     50.000
---------
algo type;             RLS-N;      RLS-N;      EA-SM;      EA-SM;       pmut;       pmut;      RLS-N;      RLS-N;      EA-SM;      EA-SM;       pmut;       pmut;      RLS-N;      RLS-N;      EA-SM;      EA-SM;       pmut;       pmut;      RLS-N;      RLS-N;      EA-SM;      EA-SM;       pmut;       pmut;      RLS-N;      RLS-N;      EA-SM;      EA-SM;       pmut;       pmut;      RLS-N;      RLS-N;      EA-SM;      EA-SM;       pmut;       pmut;      RLS-N;      RLS-N;      EA-SM;      EA-SM;       pmut;       pmut;      RLS-N;      RLS-N;      EA-SM;      EA-SM;       pmut;       pmut
algo param;              n=2;        n=4;        3/n;        4/n;      -2,25;      -2,50;        n=2;        n=4;        3/n;        4/n;      -2,25;      -2,50;        n=2;        n=4;        3/n;        4/n;      -2,25;      -2,50;        n=2;        n=4;        3/n;        4/n;      -2,25;      -2,50;        n=2;        n=4;        3/n;        4/n;      -2,25;      -2,50;        n=2;        n=4;        3/n;        4/n;      -2,25;      -2,50;        n=2;        n=4;        3/n;        4/n;      -2,25;      -2,50;        n=2;        n=4;        3/n;        4/n;      -2,25;      -2,50
avg mut/change;        1,763;      3,306;      2,473;      3,041;      2,149;      2,048;      1,845;      3,740;      2,097;      2,606;      1,830;      1,699;      1,910;      3,893;      1,989;      2,458;      1,746;      1,577;      1,984;      3,983;      2,042;      2,586;      1,911;      1,628;      1,993;      3,993;      2,150;      2,709;      2,102;      1,749;      1,999;      3,998;      2,439;      3,090;      2,826;      2,042;      2,000;      4,000;      2,585;      3,285;      2,947;      2,201;      2,000;      4,000;      2,825;      3,613;      3,534;      2,572
avg mut/step;          1,905;      3,745;      3,000;      4,000;      2,272;      2,065;      1,961;      3,912;      3,000;      4,000;      2,770;      2,366;      1,980;      3,958;      3,000;      3,999;      3,101;      2,531;      1,996;      3,992;      3,003;      3,999;      3,702;      2,765;      1,998;      3,996;      2,999;      3,999;      3,882;      2,822;      2,000;      3,999;      3,000;      4,000;      4,288;      2,868;      2,000;      4,000;      3,000;      3,999;      4,307;      2,920;      2,000;      4,000;      2,998;      3,999;      4,491;      2,914
---------
total avg count;      97.109;     77.324;     68.556;     62.327;     73.786;     76.845;     58.733;     30.589;     24.082;     20.035;     32.603;     34.383;     10.978;     27.257;      9.119;      8.617;     12.625;     13.395;      1.316;     26.011;      1.338;      2.058;        804;        936;      1.258;     27.235;      1.207;      1.883;        703;        644;      1.239;     24.647;      1.185;      1.852;        669;        640;      1.232;     25.956;      1.187;      1.881;        697;        640;      1.341;     24.930;      1.262;      1.941;        786;        711
avg eval count;          342;      7.067;     23.308;     24.654;     28.572;     26.956;      1.512;     23.808;     13.434;     12.511;     14.362;     13.663;      2.066;     23.023;      6.114;      6.466;      6.949;      7.474;      1.316;     26.011;      1.338;      2.058;        804;        936;      1.258;     27.235;      1.207;      1.883;        703;        644;      1.239;     24.647;      1.185;      1.852;        669;        640;      1.232;     25.956;      1.187;      1.881;        697;        640;      1.341;     24.930;      1.262;      1.941;        786;        711
max eval count;        1.011;     49.625;     99.731;     99.975;     99.992;     99.907;      6.901;     99.629;     98.151;     99.770;     99.841;     99.162;     33.374;     99.942;     98.237;     98.674;     99.425;     97.393;      7.437;    259.965;     11.762;     25.037;     18.841;     52.696;      5.845;    255.785;      3.998;      7.292;      3.588;      2.486;      5.390;    181.267;      4.390;      5.741;      2.039;      2.206;      4.927;    135.919;      3.524;      6.967;      1.862;      1.978;      6.034;    162.270;      4.063;      7.404;      2.032;      1.959
min eval count;           12;        159;         37;        106;         30;         12;         23;         39;         34;         53;         24;         44;          2;         27;         44;         17;         34;         28;         39;          3;          7;         32;         63;          1;         38;        155;         43;         46;         62;         34;         52;        208;         48;         54;         39;         59;         81;        108;         59;         41;         49;         56;        109;        137;         77;        152;         72;         33
---------
fails;                   971;        756;        590;        500;        633;        683;        581;         89;        123;         86;        213;        240;         91;         55;         32;         23;         61;         64;          0;          0;          0;          0;          0;          0;          0;          0;          0;          0;          0;          0;          0;          0;          0;          0;          0;          0;          0;          0;          0;          0;          0;          0;          0;          0;          0;          0;          0;          0
fail ratio;            0,971;      0,756;      0,590;      0,500;      0,633;      0,683;      0,581;      0,089;      0,123;      0,086;      0,213;      0,240;      0,091;      0,055;      0,032;      0,023;      0,061;      0,064;      0,000;      0,000;      0,000;      0,000;      0,000;      0,000;      0,000;      0,000;      0,000;      0,000;      0,000;      0,000;      0,000;      0,000;      0,000;      0,000;      0,000;      0,000;      0,000;      0,000;      0,000;      0,000;      0,000;      0,000;      0,000;      0,000;      0,000;      0,000;      0,000;      0,000
avg fail dif;            213;         15;          5;          3;          5;          6;         22;          1;          1;          1;          2;          2;          4;          1;          1;          1;          1;          1;         -1;         -1;         -1;         -1;         -1;         -1;         -1;         -1;         -1;         -1;         -1;         -1;         -1;         -1;         -1;         -1;         -1;         -1;         -1;         -1;         -1;         -1;         -1;         -1;         -1;         -1;         -1;         -1;         -1;         -1
