---------
Limit per run;         100.000;      100.000;      100.000;      100.000;      100.000;      100.000;      100.000;      100.000;      100.000;      100.000;      100.000;      100.000;      100.000;      100.000;      100.000;      100.000;      100.000;      100.000;      100.000;      100.000;      100.000;      100.000;      100.000;      100.000;      100.000;      100.000;      100.000;      100.000;      100.000;      100.000;      425.860;      425.860;      425.860;      425.860;      425.860;      425.860;      921.030;      921.030;      921.030;      921.030;      921.030;      921.030;    5.409.890;    5.409.890;    5.409.890;    5.409.890;    5.409.890;    5.409.890
array length;               20;           20;           20;           20;           20;           20;           50;           50;           50;           50;           50;           50;          100;          100;          100;          100;          100;          100;          500;          500;          500;          500;          500;          500;        1.000;        1.000;        1.000;        1.000;        1.000;        1.000;        5.000;        5.000;        5.000;        5.000;        5.000;        5.000;       10.000;       10.000;       10.000;       10.000;       10.000;       10.000;       50.000;       50.000;       50.000;       50.000;       50.000;       50.000
---------
algo type;                 RLS;        RLS-R;           EA;        EA-SM;         pmut;         pmut;          RLS;        RLS-R;           EA;        EA-SM;         pmut;         pmut;          RLS;        RLS-R;           EA;        EA-SM;         pmut;         pmut;          RLS;        RLS-R;           EA;        EA-SM;         pmut;         pmut;          RLS;        RLS-R;           EA;        EA-SM;         pmut;         pmut;          RLS;        RLS-R;           EA;        EA-SM;         pmut;         pmut;          RLS;        RLS-R;           EA;        EA-SM;         pmut;         pmut;          RLS;        RLS-R;           EA;        EA-SM;         pmut;         pmut
algo param;                  -;          r=2;            -;          2/n;        -3,00;        -3,25;            -;          r=2;            -;          2/n;        -3,00;        -3,25;            -;          r=2;            -;          2/n;        -3,00;        -3,25;            -;          r=2;            -;          2/n;        -3,00;        -3,25;            -;          r=2;            -;          2/n;        -3,00;        -3,25;            -;          r=2;            -;          2/n;        -3,00;        -3,25;            -;          r=2;            -;          2/n;        -3,00;        -3,25;            -;          r=2;            -;          2/n;        -3,00;        -3,25
avg mut/change;          1,000;        1,423;        1,629;        2,095;        1,927;        1,826;        1,000;        1,392;        1,438;        1,799;        1,580;        1,522;        1,000;        1,356;        1,364;        1,711;        1,463;        1,405;        1,000;        1,337;        1,339;        1,745;        1,480;        1,409;        1,000;        1,358;        1,374;        1,828;        1,539;        1,428;        1,000;        1,408;        1,454;        1,999;        1,676;        1,546;        1,000;        1,434;        1,478;        2,054;        1,734;        1,587;        1,000;        1,464;        1,532;        2,181;        1,822;        1,661
avg mut/step;            1,000;        1,499;        1,000;        2,000;        1,752;        1,637;        1,000;        1,500;        1,000;        2,000;        1,858;        1,698;        1,000;        1,500;        1,000;        2,000;        1,896;        1,716;        1,000;        1,499;        0,999;        2,001;        1,923;        1,728;        1,000;        1,499;        0,999;        2,001;        1,926;        1,729;        1,000;        1,499;        1,001;        1,999;        1,933;        1,734;        1,000;        1,499;        1,000;        2,000;        1,930;        1,726;        1,000;        1,500;        1,001;        1,997;        1,936;        1,732
---------
total avg count;        99.700;       97.211;       89.313;       80.601;       83.924;       84.210;       94.509;       63.208;       52.619;       39.550;       47.328;       51.035;       73.669;       23.902;       22.933;       15.969;       19.391;       19.488;        5.503;          791;        1.463;        1.536;        1.060;        1.328;          589;          626;          883;        1.088;          606;          593;          404;          591;          874;        1.012;          578;          547;          436;          607;          914;        1.018;          578;          553;          570;          695;        1.105;        1.076;          691;          673
avg eval count;             60;          412;       19.040;       20.169;       26.596;       25.871;          169;        1.889;       15.992;       16.391;       17.183;       16.012;          261;        3.552;        9.758;        8.562;        8.399;        7.669;          425;          791;        1.463;        1.536;        1.060;        1.229;          390;          626;          883;        1.088;          606;          593;          404;          591;          874;        1.012;          578;          547;          436;          607;          914;        1.018;          578;          553;          570;          695;        1.105;        1.076;          691;          673
max eval count;             88;        1.335;       98.181;       92.890;       97.588;       99.194;          492;       12.260;       97.220;       99.474;       98.963;       99.672;          881;       45.066;       97.907;       99.274;       94.501;       93.746;        2.866;       39.371;       41.477;       49.663;       43.117;       64.559;        3.118;       20.271;        7.626;       19.807;        9.285;       33.887;        1.564;        2.326;        4.013;        6.144;        2.061;        2.442;        1.321;        2.404;        3.593;        4.681;        2.117;        2.052;        1.899;        2.539;        3.679;        4.265;        2.772;        2.213
min eval count;             25;            5;           57;           14;           32;           21;           23;           16;           33;           13;            8;           21;           34;            2;           21;           82;           25;            9;           11;           36;           30;           48;           38;           14;           25;           41;           58;           56;           31;           39;           33;           28;          110;           55;           66;           37;           36;           30;           98;          122;           61;           29;           51;           49;          124;          101;          116;           44
---------
fails;                     997;          972;          868;          757;          781;          787;          945;          625;          436;          277;          364;          417;          736;          211;          146;           81;          120;          128;           51;            0;            0;            0;            0;            1;            2;            0;            0;            0;            0;            0;            0;            0;            0;            0;            0;            0;            0;            0;            0;            0;            0;            0;            0;            0;            0;            0;            0;            0
fail ratio;              0,997;        0,972;        0,868;        0,757;        0,781;        0,787;        0,945;        0,625;        0,436;        0,277;        0,364;        0,417;        0,736;        0,211;        0,146;        0,081;        0,120;        0,128;        0,051;        0,000;        0,000;        0,000;        0,000;        0,001;        0,002;        0,000;        0,000;        0,000;        0,000;        0,000;        0,000;        0,000;        0,000;        0,000;        0,000;        0,000;        0,000;        0,000;        0,000;        0,000;        0,000;        0,000;        0,000;        0,000;        0,000;        0,000;        0,000;        0,000
avg fail dif;            1.580;          196;           20;            7;            8;            8;          261;           15;            3;            1;            2;            2;           51;            2;            1;            1;            1;            1;            3;           -1;           -1;           -1;           -1;            1;            1;           -1;           -1;           -1;           -1;           -1;           -1;           -1;           -1;           -1;           -1;           -1;           -1;           -1;           -1;           -1;           -1;           -1;           -1;           -1;           -1;           -1;           -1;           -1
