number of runs;  1.000
input type;      mixed and overlapped (13)
---------
Limit per run;         425.860;      921.030;      425.860;      921.030;    5.409.890;      425.860;      921.030;      100.000;      425.860;      100.000;      100.000;      921.030;      100.000;    5.409.890;    5.409.890;    5.409.890;      100.000;      425.860;      100.000;      921.030;      425.860;      921.030;      100.000;    5.409.890;      100.000;    5.409.890;      100.000;      100.000;      100.000;      100.000;      100.000;      100.000;      100.000;      100.000;      100.000;      100.000;      100.000;      100.000;      100.000;      100.000;      100.000;      100.000;      100.000;      100.000;      100.000;      100.000;      100.000;      100.000
array length;            5.000;       10.000;        5.000;       10.000;       50.000;        5.000;       10.000;        1.000;        5.000;        1.000;        1.000;       10.000;        1.000;       50.000;       50.000;       50.000;          500;        5.000;        1.000;       10.000;        5.000;       10.000;          500;       50.000;        1.000;       50.000;          500;          500;          500;          500;          100;          100;          100;          100;          100;           50;           50;           50;           50;           50;          100;           20;           20;           20;           20;           50;           20;           20
---------
algo type;                 RLS;          RLS;         pmut;         pmut;          RLS;         pmut;         pmut;          RLS;        RLS-R;         pmut;         pmut;        RLS-R;        RLS-R;         pmut;         pmut;        RLS-R;        RLS-R;           EA;           EA;           EA;        EA-SM;        EA-SM;         pmut;        EA-SM;        EA-SM;           EA;         pmut;           EA;        EA-SM;          RLS;        EA-SM;         pmut;         pmut;           EA;        RLS-R;        EA-SM;         pmut;         pmut;           EA;        RLS-R;          RLS;        EA-SM;         pmut;         pmut;           EA;          RLS;        RLS-R;          RLS
algo param;                  -;            -;        -3,25;        -3,25;            -;        -3,00;        -3,00;            -;          r=2;        -3,25;        -3,00;          r=2;          r=2;        -3,25;        -3,00;          r=2;          r=2;            -;            -;            -;          2/n;          2/n;        -3,00;          2/n;          2/n;            -;        -3,25;            -;          2/n;            -;          2/n;        -3,00;        -3,25;            -;          r=2;          2/n;        -3,00;        -3,25;            -;          r=2;            -;          2/n;        -3,00;        -3,25;            -;            -;          r=2;            -
avg mut/change;          1,000;        1,000;        1,546;        1,587;        1,000;        1,676;        1,734;        1,000;        1,408;        1,428;        1,539;        1,434;        1,358;        1,661;        1,822;        1,464;        1,337;        1,454;        1,374;        1,478;        1,999;        2,054;        1,480;        2,181;        1,828;        1,532;        1,409;        1,339;        1,745;        1,000;        1,711;        1,463;        1,405;        1,364;        1,356;        1,799;        1,580;        1,522;        1,438;        1,392;        1,000;        2,095;        1,927;        1,826;        1,629;        1,000;        1,423;        1,000
avg mut/step;            1,000;        1,000;        1,734;        1,726;        1,000;        1,933;        1,930;        1,000;        1,499;        1,729;        1,926;        1,499;        1,499;        1,732;        1,936;        1,500;        1,499;        1,001;        0,999;        1,000;        1,999;        2,000;        1,923;        1,997;        2,001;        1,001;        1,728;        0,999;        2,001;        1,000;        2,000;        1,896;        1,716;        1,000;        1,500;        2,000;        1,858;        1,698;        1,000;        1,500;        1,000;        2,000;        1,752;        1,637;        1,000;        1,000;        1,499;        1,000
---------
total avg count;           404;          436;          547;          553;          570;          578;          578;          589;          591;          593;          606;          607;          626;          673;          691;          695;          791;          874;          883;          914;        1.012;        1.018;        1.060;        1.076;        1.088;        1.105;        1.328;        1.463;        1.536;        5.503;       15.969;       19.391;       19.488;       22.933;       23.902;       39.550;       47.328;       51.035;       52.619;       63.208;       73.669;       80.601;       83.924;       84.210;       89.313;       94.509;       97.211;       99.700
avg eval count;            404;          436;          547;          553;          570;          578;          578;          390;          591;          593;          606;          607;          626;          673;          691;          695;          791;          874;          883;          914;        1.012;        1.018;        1.060;        1.076;        1.088;        1.105;        1.229;        1.463;        1.536;          425;        8.562;        8.399;        7.669;        9.758;        3.552;       16.391;       17.183;       16.012;       15.992;        1.889;          261;       20.169;       26.596;       25.871;       19.040;          169;          412;           60
max eval count;          1.564;        1.321;        2.442;        2.052;        1.899;        2.061;        2.117;        3.118;        2.326;       33.887;        9.285;        2.404;       20.271;        2.213;        2.772;        2.539;       39.371;        4.013;        7.626;        3.593;        6.144;        4.681;       43.117;        4.265;       19.807;        3.679;       64.559;       41.477;       49.663;        2.866;       99.274;       94.501;       93.746;       97.907;       45.066;       99.474;       98.963;       99.672;       97.220;       12.260;          881;       92.890;       97.588;       99.194;       98.181;          492;        1.335;           88
min eval count;             33;           36;           37;           29;           51;           66;           61;           25;           28;           39;           31;           30;           41;           44;          116;           49;           36;          110;           58;           98;           55;          122;           38;          101;           56;          124;           14;           30;           48;           11;           82;           25;            9;           21;            2;           13;            8;           21;           33;           16;           34;           14;           32;           21;           57;           23;            5;           25
---------
fails;                       0;            0;            0;            0;            0;            0;            0;            2;            0;            0;            0;            0;            0;            0;            0;            0;            0;            0;            0;            0;            0;            0;            0;            0;            0;            0;            1;            0;            0;           51;           81;          120;          128;          146;          211;          277;          364;          417;          436;          625;          736;          757;          781;          787;          868;          945;          972;          997
fail ratio;              0,000;        0,000;        0,000;        0,000;        0,000;        0,000;        0,000;        0,002;        0,000;        0,000;        0,000;        0,000;        0,000;        0,000;        0,000;        0,000;        0,000;        0,000;        0,000;        0,000;        0,000;        0,000;        0,000;        0,000;        0,000;        0,000;        0,001;        0,000;        0,000;        0,051;        0,081;        0,120;        0,128;        0,146;        0,211;        0,277;        0,364;        0,417;        0,436;        0,625;        0,736;        0,757;        0,781;        0,787;        0,868;        0,945;        0,972;        0,997
avg fail dif;               -1;           -1;           -1;           -1;           -1;           -1;           -1;            1;           -1;           -1;           -1;           -1;           -1;           -1;           -1;           -1;           -1;           -1;           -1;           -1;           -1;           -1;           -1;           -1;           -1;           -1;            1;           -1;           -1;            3;            1;            1;            1;            1;            2;            1;            2;            2;            3;           15;           51;            7;            8;            8;           20;          261;          196;        1.580
---------
RLS     -> standard RLS: uniform random neighbour with Hamming Distance == 1
RLS-N   -> modified RLS: uniform random neighbour with Hamming Distance <= n
RLS-R   -> modified RLS: uniform random neighbour with Hamming Distance == x, where x is chosen uniform random from {1,...,r}
EA      -> standard EA : each bit is flipped with prob 1/n
EA-SM   -> modified EA : each bit is flipped with prob c/n
fmut    -> 1 bit flip with prob p and uniform random amount with 1-p
pmut    -> flips k random bits where k is chosen from powerlaw distribution
