---------
Limit per run;         600;      600;      600;      600;      600;      600;    1.960;    1.960;    1.960;    1.960;    1.960;    1.960;    4.610;    4.610;    4.610;    4.610;    4.610;    4.610;   31.070;   31.070;   31.070;   31.070;   31.070;   31.070;   69.080;   69.080;   69.080;   69.080;   69.080;   69.080;  425.860;  425.860;  425.860;  425.860;  425.860;  425.860;  921.030;  921.030;  921.030;  921.030;  921.030;  921.030;5.409.890;5.409.890;5.409.890;5.409.890;5.409.890;5.409.890
array length;           20;       20;       20;       20;       20;       20;       50;       50;       50;       50;       50;       50;      100;      100;      100;      100;      100;      100;      500;      500;      500;      500;      500;      500;    1.000;    1.000;    1.000;    1.000;    1.000;    1.000;    5.000;    5.000;    5.000;    5.000;    5.000;    5.000;   10.000;   10.000;   10.000;   10.000;   10.000;   10.000;   50.000;   50.000;   50.000;   50.000;   50.000;   50.000
---------
algo type;           RLS-R;    RLS-R;    EA-SM;    EA-SM;     pmut;     pmut;    RLS-R;    RLS-R;    EA-SM;    EA-SM;     pmut;     pmut;    RLS-R;    RLS-R;    EA-SM;    EA-SM;     pmut;     pmut;    RLS-R;    RLS-R;    EA-SM;    EA-SM;     pmut;     pmut;    RLS-R;    RLS-R;    EA-SM;    EA-SM;     pmut;     pmut;    RLS-R;    RLS-R;    EA-SM;    EA-SM;     pmut;     pmut;    RLS-R;    RLS-R;    EA-SM;    EA-SM;     pmut;     pmut;    RLS-R;    RLS-R;    EA-SM;    EA-SM;     pmut;     pmut
algo param;            r=3;      r=4;      2/n;      3/n;    -1,75;    -2,00;      r=3;      r=4;      2/n;      3/n;    -1,75;    -2,00;      r=3;      r=4;      2/n;      3/n;    -1,75;    -2,00;      r=3;      r=4;      2/n;      3/n;    -1,75;    -2,00;      r=3;      r=4;      2/n;      3/n;    -1,75;    -2,00;      r=3;      r=4;      2/n;      3/n;    -1,75;    -2,00;      r=3;      r=4;      2/n;      3/n;    -1,75;    -2,00;      r=3;      r=4;      2/n;      3/n;    -1,75;    -2,00
avg mut/change;      1,742;    1,983;    1,848;    2,328;    2,008;    1,889;    1,683;    1,932;    1,780;    2,240;    2,201;    1,986;    1,670;    1,930;    1,772;    2,286;    2,395;    2,085;    1,713;    2,014;    1,856;    2,404;    3,583;    2,663;    1,758;    2,066;    1,909;    2,503;    4,313;    3,100;    1,836;    2,218;    2,050;    2,732;    8,619;    4,627;    1,877;    2,264;    2,099;    2,795;   11,099;    5,846;    1,932;    2,385;    2,199;    2,954;   24,213;    7,670
avg mut/step;        2,000;    2,499;    2,000;    3,002;    2,809;    2,516;    2,000;    2,500;    2,000;    3,000;    4,047;    3,316;    1,999;    2,499;    1,999;    2,999;    5,236;    3,954;    2,001;    2,501;    1,999;    3,002;    9,007;    5,512;    2,000;    2,502;    1,999;    3,003;   11,281;    6,239;    2,002;    2,502;    1,999;    3,003;   18,231;    7,688;    2,001;    2,501;    2,001;    2,998;   22,612;    8,554;    2,001;    2,502;    2,003;    2,996;   35,579;   10,279
---------
total avg count;       556;      549;      561;      560;      557;      558;      834;      788;      876;      819;      854;      871;      522;      492;      561;      553;      597;      618;      282;      318;      347;      394;      358;      309;      274;      317;      333;      395;      361;      307;      308;      338;      370;      420;      368;      323;      336;      368;      399;      449;      372;      344;      462;      479;      509;      524;      424;      419
avg eval count;        262;      257;      275;      285;      292;      273;      468;      535;      560;      582;      553;      559;      447;      446;      499;      520;      511;      482;      282;      318;      347;      394;      358;      309;      274;      317;      333;      395;      361;      307;      308;      338;      370;      420;      368;      323;      336;      368;      399;      449;      372;      344;      462;      479;      509;      524;      424;      419
max eval count;        600;      600;      595;      600;      600;      593;    1.933;    1.957;    1.959;    1.956;    1.958;    1.934;    4.436;    4.476;    4.503;    3.626;    4.301;    4.377;      712;      961;    1.086;    1.339;    1.320;    1.229;      850;    1.088;    1.022;    1.327;    1.130;      990;      778;      941;      995;    1.110;      940;      943;      981;      926;    1.051;    1.261;    1.219;      883;    1.172;    1.237;    1.448;    1.400;    1.251;    1.099
min eval count;         10;       21;       42;       17;       44;       22;        6;       15;       15;        8;        7;        8;       17;        6;       22;       23;       25;       18;       22;       19;        8;       32;       34;       30;       12;       40;       25;       29;       25;       30;       25;       48;       50;       35;       37;       14;       45;       31;       25;       44;       32;       32;        0;       54;       40;       67;       45;        9
---------
fails;                 870;      854;      881;      875;      862;      873;      245;      178;      226;      172;      214;      223;       18;       11;       15;        8;       21;       33;        0;        0;        0;        0;        0;        0;        0;        0;        0;        0;        0;        0;        0;        0;        0;        0;        0;        0;        0;        0;        0;        0;        0;        0;        0;        0;        0;        0;        0;        0
fail ratio;          0,870;    0,854;    0,881;    0,875;    0,862;    0,873;    0,245;    0,178;    0,226;    0,172;    0,214;    0,223;    0,018;    0,011;    0,015;    0,008;    0,021;    0,033;    0,000;    0,000;    0,000;    0,000;    0,000;    0,000;    0,000;    0,000;    0,000;    0,000;    0,000;    0,000;    0,000;    0,000;    0,000;    0,000;    0,000;    0,000;    0,000;    0,000;    0,000;    0,000;    0,000;    0,000;    0,000;    0,000;    0,000;    0,000;    0,000;    0,000
avg fail dif;        1.326;    1.259;    1.260;    1.210;    1.223;    1.224;       77;       26;       76;       10;        9;       10;        3;        1;        1;        1;        1;        1;       -1;       -1;       -1;       -1;       -1;       -1;       -1;       -1;       -1;       -1;       -1;       -1;       -1;       -1;       -1;       -1;       -1;       -1;       -1;       -1;       -1;       -1;       -1;       -1;       -1;       -1;       -1;       -1;       -1;       -1
