number of runs;  1.000
input type;      overlapped (12)
---------
Limit per run;             600;          600;          600;          600;          600;          600;        1.960;        1.960;        1.960;        1.960;        1.960;        1.960;        4.610;        4.610;        4.610;        4.610;        4.610;        4.610;       31.070;       31.070;       31.070;       31.070;       31.070;       31.070;       69.080;       69.080;       69.080;       69.080;       69.080;       69.080;      425.860;      921.030;      425.860;      425.860;      425.860;      425.860;      425.860;      921.030;      921.030;      921.030;      921.030;      921.030
array length;               20;           20;           20;           20;           20;           20;           50;           50;           50;           50;           50;           50;          100;          100;          100;          100;          100;          100;          500;          500;          500;          500;          500;          500;        1.000;        1.000;        1.000;        1.000;        1.000;        1.000;        5.000;       10.000;        5.000;        5.000;        5.000;        5.000;        5.000;       10.000;       10.000;       10.000;       10.000;       10.000
---------
algo type;                pmut;         pmut;        RLS-N;        EA-SM;        EA-SM;        RLS-N;        RLS-N;         pmut;         pmut;        RLS-N;        EA-SM;        EA-SM;        RLS-N;        RLS-N;        EA-SM;        EA-SM;         pmut;         pmut;        RLS-N;        RLS-N;        EA-SM;        EA-SM;         pmut;         pmut;        RLS-N;        EA-SM;        RLS-N;        EA-SM;         pmut;         pmut;        RLS-N;        RLS-N;        RLS-N;        EA-SM;        EA-SM;         pmut;         pmut;        RLS-N;        EA-SM;        EA-SM;         pmut;         pmut
algo param;              -2,00;        -2,25;          n=4;          4/n;          3/n;          n=2;          n=2;        -2,25;        -2,00;          n=4;          3/n;          4/n;          n=2;          n=4;          4/n;          3/n;        -2,00;        -2,25;          n=2;          n=4;          4/n;          3/n;        -2,25;        -2,00;          n=2;          3/n;          n=4;          4/n;        -2,00;        -2,25;          n=2;          n=2;          n=4;          3/n;          4/n;        -2,25;        -2,00;          n=4;          3/n;          4/n;        -2,25;        -2,00
avg mut/change;          2,705;        2,512;        3,756;        3,922;        3,123;        1,955;        1,981;        2,913;        3,242;        3,917;        3,113;        3,913;        1,990;        3,957;        3,911;        3,120;        3,598;        3,029;        1,998;        3,993;        3,899;        3,122;        3,340;        4,552;        1,999;        3,132;        3,996;        3,931;        4,844;        3,524;        2,000;        2,000;        3,999;        3,134;        3,974;        3,736;        6,032;        4,000;        3,140;        3,987;        3,921;        7,351
avg mut/step;            2,518;        2,272;        3,744;        4,001;        3,000;        1,905;        1,961;        2,770;        3,317;        3,911;        3,001;        4,001;        1,980;        3,958;        3,999;        3,000;        3,954;        3,103;        1,996;        3,992;        4,000;        3,000;        3,703;        5,507;        1,998;        3,000;        3,996;        4,000;        6,195;        3,900;        2,000;        2,000;        3,999;        3,000;        4,000;        4,247;        7,793;        4,000;        3,000;        4,000;        4,360;        8,481
---------
total avg count;           598;          598;          599;          599;          599;          599;        1.940;        1.943;        1.950;        1.951;        1.951;        1.952;        4.540;        4.547;        4.559;        4.563;        4.572;        4.582;       27.463;       28.431;       28.714;       28.977;       29.228;       29.549;       50.158;       58.612;       58.998;       59.142;       60.883;       61.306;      118.569;      131.440;      174.705;      197.173;      197.278;      209.617;      217.793;      218.025;      250.711;      251.800;      265.206;      278.585
avg eval count;            258;          154;          444;          298;          459;          332;          710;          613;        1.050;        1.163;        1.123;          872;        2.041;        2.121;        2.501;        2.155;        2.408;        2.485;       15.851;       14.881;       15.152;       15.903;       16.336;       15.064;       27.855;       32.479;       33.201;       32.945;       31.131;       32.064;      102.736;      130.649;      130.383;      142.129;      147.102;      151.091;      155.993;      198.517;      226.399;      215.836;      226.302;      241.194
max eval count;            539;          381;          527;          439;          595;          477;        1.725;        1.656;        1.956;        1.895;        1.704;        1.774;        4.529;        3.957;        4.594;        4.225;        4.464;        4.362;       30.900;       30.814;       30.910;       31.032;       31.048;       30.190;       68.586;       68.870;       68.824;       68.806;       68.629;       68.779;      425.583;      859.203;      425.721;      425.789;      425.697;      424.780;      425.056;      910.192;      920.136;      919.453;      918.652;      917.474
min eval count;             48;           21;          361;          158;          127;          188;          193;            3;          175;          248;          185;           52;          138;          383;           67;          135;          423;          204;          160;          268;           69;          156;          202;           35;           71;          127;          285;        1.089;          114;          309;           72;           96;           29;           40;          205;          169;          108;          194;          242;           51;          247;          256
---------
fails;                     997;          997;          998;          998;          994;          998;          984;          988;          989;          989;          990;          993;          973;          975;          976;          981;          983;          987;          763;          837;          852;          862;          875;          905;          541;          714;          719;          725;          784;          790;           49;            1;          150;          194;          180;          213;          229;           27;           35;           51;           56;           55
fail ratio;              0,997;        0,997;        0,998;        0,998;        0,994;        0,998;        0,984;        0,988;        0,989;        0,989;        0,990;        0,993;        0,973;        0,975;        0,976;        0,981;        0,983;        0,987;        0,763;        0,837;        0,852;        0,862;        0,875;        0,905;        0,541;        0,714;        0,719;        0,725;        0,784;        0,790;        0,049;        0,001;        0,150;        0,194;        0,180;        0,213;        0,229;        0,027;        0,035;        0,051;        0,056;        0,055
avg fail dif;              295;          326;          218;          236;          244;          321;           64;           97;           93;           69;           74;           78;           22;           30;           36;           33;           39;           42;            3;            5;            5;            5;            6;            6;            1;            2;            2;            2;            3;            3;            1;            1;            1;            1;            1;            1;            1;            1;            1;            1;            1;            1
---------
RLS     -> standard RLS: uniform random neighbour with Hamming Distance == 1
RLS-N   -> modified RLS: uniform random neighbour with Hamming Distance <= n
RLS-R   -> modified RLS: uniform random neighbour with Hamming Distance == x, where x is chosen uniform random from {1,...,r}
EA      -> standard EA : each bit is flipped with prob 1/n
EA-SM   -> modified EA : each bit is flipped with prob c/n
fmut    -> 1 bit flip with prob p and uniform random amount with 1-p
pmut    -> flips k random bits where k is chosen from powerlaw distribution
