---------
Limit per run;      100.000;   100.000;   100.000;   100.000;   100.000;   100.000;   100.000;   100.000;   100.000;   100.000;   100.000;   100.000;   100.000;   100.000;   100.000;   100.000;   100.000;   100.000;   100.000;   100.000;   100.000;   100.000;   100.000;   100.000;   100.000;   100.000;   100.000;   100.000;   100.000;   100.000;   425.860;   425.860;   425.860;   425.860;   425.860;   425.860;   921.030;   921.030;   921.030;   921.030;   921.030;   921.030; 5.409.890; 5.409.890; 5.409.890; 5.409.890; 5.409.890; 5.409.890
array length;            20;        20;        20;        20;        20;        20;        50;        50;        50;        50;        50;        50;       100;       100;       100;       100;       100;       100;       500;       500;       500;       500;       500;       500;     1.000;     1.000;     1.000;     1.000;     1.000;     1.000;     5.000;     5.000;     5.000;     5.000;     5.000;     5.000;    10.000;    10.000;    10.000;    10.000;    10.000;    10.000;    50.000;    50.000;    50.000;    50.000;    50.000;    50.000
---------
algo type;            RLS-R;     RLS-N;     EA-SM;     EA-SM;      pmut;      pmut;     RLS-R;     RLS-N;     EA-SM;     EA-SM;      pmut;      pmut;     RLS-R;     RLS-N;     EA-SM;     EA-SM;      pmut;      pmut;     RLS-R;     RLS-N;     EA-SM;     EA-SM;      pmut;      pmut;     RLS-R;     RLS-N;     EA-SM;     EA-SM;      pmut;      pmut;     RLS-R;     RLS-N;     EA-SM;     EA-SM;      pmut;      pmut;     RLS-R;     RLS-N;     EA-SM;     EA-SM;      pmut;      pmut;     RLS-R;     RLS-N;     EA-SM;     EA-SM;      pmut;      pmut
algo param;             r=4;       n=3;       4/n;       3/n;      1,50;      1,75;       r=4;       n=3;       4/n;       3/n;      1,50;      1,75;       r=4;       n=3;       4/n;       3/n;      1,50;      1,75;       r=4;       n=3;       4/n;       3/n;      1,50;      1,75;       r=4;       n=3;       4/n;       3/n;      1,50;      1,75;       r=4;       n=3;       4/n;       3/n;      1,50;      1,75;       r=4;       n=3;       4/n;       3/n;      1,50;      1,75;       r=4;       n=3;       4/n;       3/n;      1,50;      1,75
avg mut/change;       1,986;     2,564;     2,796;     2,316;     2,127;     1,989;     2,084;     2,850;     3,044;     2,459;     2,738;     2,451;     2,187;     2,951;     3,334;     2,638;     3,663;     3,062;     2,351;     2,993;     3,676;     2,889;     6,860;     4,773;     2,375;     2,997;     3,743;     2,926;     9,272;     5,916;     2,425;     2,999;     3,869;     3,021;    21,311;    10,430;     2,442;     3,000;     3,912;     3,051;    32,231;    13,409;     2,472;     3,000;     3,992;     3,104;    82,137;    24,694
avg mut/step;         2,500;     2,830;     4,000;     3,000;     3,135;     2,806;     2,500;     2,937;     4,000;     3,000;     4,976;     4,042;     2,500;     2,969;     4,001;     3,000;     7,050;     5,229;     2,498;     2,994;     4,000;     2,998;    15,815;     9,021;     2,501;     2,997;     4,002;     2,999;    22,266;    11,251;     2,499;     2,999;     4,002;     2,999;    50,033;    18,331;     2,500;     3,000;     4,000;     3,000;    70,846;    22,289;     2,501;     3,000;     4,001;     3,000;   157,848;    35,161
---------
total avg count;     78.871;    79.907;    78.144;    78.218;    78.196;    78.220;    40.586;    41.268;    37.339;    38.178;    36.312;    36.457;     8.071;     8.240;     5.364;     6.159;     3.898;     3.947;       137;       187;       173;       151;       141;       128;       147;       197;       179;       158;       145;       134;       201;       242;       214;       206;       160;       154;       243;       278;       243;       242;       170;       169;       421;       429;       365;       397;       200;       233
avg eval count;         663;       283;       613;       768;       890;       868;     1.909;     1.158;     1.150;     1.573;       440;       590;     1.310;     1.270;       842;       991;       185;       246;       137;       187;       173;       151;       141;       128;       147;       197;       179;       158;       145;       134;       201;       242;       214;       206;       160;       154;       243;       278;       243;       242;       170;       169;       421;       429;       365;       397;       200;       233
max eval count;      80.192;     5.129;    52.527;    97.253;    94.080;    95.896;    99.570;    89.945;    96.459;    98.738;    81.351;    73.630;    99.949;    99.960;    98.852;    97.758;    22.219;    94.978;       592;     1.715;     1.177;       880;       732;       680;       599;     1.400;     1.301;       875;       755;       597;       757;     1.576;     1.000;       874;     1.041;       607;       979;     1.675;     1.455;       933;       740;       684;     2.040;     2.013;     1.570;     1.623;       840;       872
min eval count;           0;         0;         0;         0;         0;         0;         0;         0;         3;         2;         1;         0;         0;         1;         1;         3;         2;         3;         8;         4;         8;         7;         3;        11;         6;         1;         3;         4;         8;         9;         2;         6;         7;         5;         2;         6;         6;         2;         2;         0;         8;         7;         8;         9;        15;         8;        10;         7
---------
fails;                7.873;     7.985;     7.801;     7.805;     7.800;     7.803;     3.943;     4.058;     3.661;     3.719;     3.603;     3.608;       685;       706;       456;       522;       372;       371;         0;         0;         0;         0;         0;         0;         0;         0;         0;         0;         0;         0;         0;         0;         0;         0;         0;         0;         0;         0;         0;         0;         0;         0;         0;         0;         0;         0;         0;         0
fail ratio;           0,787;     0,799;     0,780;     0,781;     0,780;     0,780;     0,394;     0,406;     0,366;     0,372;     0,360;     0,361;     0,069;     0,071;     0,046;     0,052;     0,037;     0,037;     0,000;     0,000;     0,000;     0,000;     0,000;     0,000;     0,000;     0,000;     0,000;     0,000;     0,000;     0,000;     0,000;     0,000;     0,000;     0,000;     0,000;     0,000;     0,000;     0,000;     0,000;     0,000;     0,000;     0,000;     0,000;     0,000;     0,000;     0,000;     0,000;     0,000
avg fail dif;         4.900;     4.832;     4.945;     4.943;     4.946;     4.944;     4.700;     4.577;     5.040;     4.965;     5.119;     5.112;     2.467;     2.506;     3.233;     2.950;     3.843;     3.854;        -1;        -1;        -1;        -1;        -1;        -1;        -1;        -1;        -1;        -1;        -1;        -1;        -1;        -1;        -1;        -1;        -1;        -1;        -1;        -1;        -1;        -1;        -1;        -1;        -1;        -1;        -1;        -1;        -1;        -1
