Elapsed time: 0d00:39:25

number of runs;  10.000
input type;      powerlaw distributed (10)
lowest value;    1
highest value;   50.000
---------
Limit per run;      100.000;   100.000;   100.000;   100.000;   100.000;   100.000;   100.000;   425.860;   100.000;   425.860;   921.030;   921.030;   100.000;   100.000;   100.000;   100.000; 5.409.890;   425.860;   425.860;   425.860; 5.409.890;   425.860;   921.030;   921.030;   921.030;   921.030; 5.409.890; 5.409.890; 5.409.890; 5.409.890;   100.000;   100.000;   100.000;   100.000;   100.000;   100.000;   100.000;   100.000;   100.000;   100.000;   100.000;   100.000;   100.000;   100.000;   100.000;   100.000;   100.000;   100.000
array length;           500;     1.000;       500;       500;     1.000;     1.000;       500;     5.000;     1.000;     5.000;    10.000;    10.000;       500;     1.000;       500;     1.000;    50.000;     5.000;     5.000;     5.000;    50.000;     5.000;    10.000;    10.000;    10.000;    10.000;    50.000;    50.000;    50.000;    50.000;       100;       100;       100;       100;       100;       100;        50;        50;        50;        50;        50;        50;        20;        20;        20;        20;        20;        20
---------
algo type;             pmut;      pmut;     RLS-R;      pmut;      pmut;     RLS-R;     EA-SM;      pmut;     EA-SM;      pmut;      pmut;      pmut;     EA-SM;     EA-SM;     RLS-N;     RLS-N;      pmut;     RLS-R;     EA-SM;     EA-SM;      pmut;     RLS-N;     EA-SM;     RLS-R;     EA-SM;     RLS-N;     EA-SM;     EA-SM;     RLS-R;     RLS-N;      pmut;      pmut;     EA-SM;     EA-SM;     RLS-R;     RLS-N;      pmut;      pmut;     EA-SM;     EA-SM;     RLS-R;     RLS-N;     EA-SM;      pmut;     EA-SM;      pmut;     RLS-R;     RLS-N
algo param;            1,75;      1,75;       r=4;      1,50;      1,50;       r=4;       3/n;      1,75;       3/n;      1,50;      1,75;      1,50;       4/n;       4/n;       n=3;       n=3;      1,50;       r=4;       3/n;       4/n;      1,75;       n=3;       3/n;       r=4;       4/n;       n=3;       4/n;       3/n;       r=4;       n=3;      1,50;      1,75;       4/n;       3/n;       r=4;       n=3;      1,50;      1,75;       4/n;       3/n;       r=4;       n=3;       4/n;      1,50;       3/n;      1,75;       r=4;       n=3
avg mut/change;       4,773;     5,916;     2,351;     6,860;     9,272;     2,375;     2,889;    10,430;     2,926;    21,311;    13,409;    32,231;     3,676;     3,743;     2,993;     2,997;    82,137;     2,425;     3,021;     3,869;    24,694;     2,999;     3,051;     2,442;     3,912;     3,000;     3,992;     3,104;     2,472;     3,000;     3,663;     3,062;     3,334;     2,638;     2,187;     2,951;     2,738;     2,451;     3,044;     2,459;     2,084;     2,850;     2,796;     2,127;     2,316;     1,989;     1,986;     2,564
avg mut/step;         9,021;    11,251;     2,498;    15,815;    22,266;     2,501;     2,998;    18,331;     2,999;    50,033;    22,289;    70,846;     4,000;     4,002;     2,994;     2,997;   157,848;     2,499;     2,999;     4,002;    35,161;     2,999;     3,000;     2,500;     4,000;     3,000;     4,001;     3,000;     2,501;     3,000;     7,050;     5,229;     4,001;     3,000;     2,500;     2,969;     4,976;     4,042;     4,000;     3,000;     2,500;     2,937;     4,000;     3,135;     3,000;     2,806;     2,500;     2,830
---------
total avg count;        128;       134;       137;       141;       145;       147;       151;       154;       158;       160;       169;       170;       173;       179;       187;       197;       200;       201;       206;       214;       233;       242;       242;       243;       243;       278;       365;       397;       421;       429;     3.898;     3.947;     5.364;     6.159;     8.071;     8.240;    36.312;    36.457;    37.339;    38.178;    40.586;    41.268;    78.144;    78.196;    78.218;    78.220;    78.871;    79.907
avg eval count;         128;       134;       137;       141;       145;       147;       151;       154;       158;       160;       169;       170;       173;       179;       187;       197;       200;       201;       206;       214;       233;       242;       242;       243;       243;       278;       365;       397;       421;       429;       185;       246;       842;       991;     1.310;     1.270;       440;       590;     1.150;     1.573;     1.909;     1.158;       613;       890;       768;       868;       663;       283
max eval count;         680;       597;       592;       732;       755;       599;       880;       607;       875;     1.041;       684;       740;     1.177;     1.301;     1.715;     1.400;       840;       757;       874;     1.000;       872;     1.576;       933;       979;     1.455;     1.675;     1.570;     1.623;     2.040;     2.013;    22.219;    94.978;    98.852;    97.758;    99.949;    99.960;    81.351;    73.630;    96.459;    98.738;    99.570;    89.945;    52.527;    94.080;    97.253;    95.896;    80.192;     5.129
min eval count;          11;         9;         8;         3;         8;         6;         7;         6;         4;         2;         7;         8;         8;         3;         4;         1;        10;         2;         5;         7;         7;         6;         0;         6;         2;         2;        15;         8;         8;         9;         2;         3;         1;         3;         0;         1;         1;         0;         3;         2;         0;         0;         0;         0;         0;         0;         0;         0
---------
fails;                    0;         0;         0;         0;         0;         0;         0;         0;         0;         0;         0;         0;         0;         0;         0;         0;         0;         0;         0;         0;         0;         0;         0;         0;         0;         0;         0;         0;         0;         0;       372;       371;       456;       522;       685;       706;     3.603;     3.608;     3.661;     3.719;     3.943;     4.058;     7.801;     7.800;     7.805;     7.803;     7.873;     7.985
fail ratio;           0,000;     0,000;     0,000;     0,000;     0,000;     0,000;     0,000;     0,000;     0,000;     0,000;     0,000;     0,000;     0,000;     0,000;     0,000;     0,000;     0,000;     0,000;     0,000;     0,000;     0,000;     0,000;     0,000;     0,000;     0,000;     0,000;     0,000;     0,000;     0,000;     0,000;     0,037;     0,037;     0,046;     0,052;     0,069;     0,071;     0,360;     0,361;     0,366;     0,372;     0,394;     0,406;     0,780;     0,780;     0,781;     0,780;     0,787;     0,799
avg fail dif;            -1;        -1;        -1;        -1;        -1;        -1;        -1;        -1;        -1;        -1;        -1;        -1;        -1;        -1;        -1;        -1;        -1;        -1;        -1;        -1;        -1;        -1;        -1;        -1;        -1;        -1;        -1;        -1;        -1;        -1;     3.843;     3.854;     3.233;     2.950;     2.467;     2.506;     5.119;     5.112;     5.040;     4.965;     4.700;     4.577;     4.945;     4.946;     4.943;     4.944;     4.900;     4.832
---------
RLS     -> standard RLS: uniform random neighbour with Hamming Distance == 1
RLS-N   -> modified RLS: uniform random neighbour with Hamming Distance <= n
RLS-R   -> modified RLS: uniform random neighbour with Hamming Distance == x, where x is chosen uniform random from {1,...,r}
EA      -> standard EA : each bit is flipped with prob 1/n
EA-SM   -> modified EA : each bit is flipped with prob c/n
fmut    -> 1 bit flip with prob p and uniform random amount with 1-p
pmut    -> flips k random bits where k is chosen from powerlaw distribution
