number of runs;  1.000
input type;      binomial distributed (7)
---------
n value;         10.000
p;               0,100000
expected value;  1.000
---------
Limit per run;       50.000;    50.000;    50.000;    50.000;    50.000;    50.000;    50.000;    50.000;    50.000;    50.000;    50.000;    50.000;    50.000;    50.000;    50.000;    50.000;    50.000;    50.000;    50.000;    50.000;    50.000;    50.000;    50.000;    50.000;    50.000;    50.000;    50.000;    50.000;    50.000;    50.000;    50.000;    50.000;    50.000;    50.000;    50.000;    50.000;    50.000;    50.000;    50.000;    50.000;    50.000;    50.000
array length;           500;     1.000;     5.000;    10.000;        20;        50;       100;       500;     1.000;    10.000;       500;     5.000;     1.000;     5.000;       100;        50;       500;       100;    10.000;     1.000;    10.000;     5.000;       100;        50;        50;       500;       100;     1.000;     5.000;        50;       500;    10.000;        20;     1.000;    10.000;     5.000;        20;       100;        50;        20;        20;        20
---------
algo type;            RLS-N;     RLS-N;     RLS-N;     RLS-N;     RLS-N;     RLS-N;     RLS-R;     RLS-N;     RLS-N;     RLS-N;     RLS-R;     RLS-N;     RLS-R;     RLS-R;     RLS-N;     RLS-R;     RLS-R;     RLS-R;     RLS-R;     RLS-R;     RLS-R;     RLS-R;     EA-SM;     EA-SM;      pmut;     EA-SM;      pmut;     EA-SM;     EA-SM;     RLS-R;      pmut;     EA-SM;     RLS-R;      pmut;      pmut;      pmut;     EA-SM;     RLS-N;     RLS-N;      pmut;     RLS-N;     RLS-R
algo param;             n=2;       n=2;       n=2;       n=2;       n=4;       n=4;       r=2;       n=4;       n=4;       n=4;       r=2;       n=4;       r=2;       r=2;       n=2;       r=4;       r=4;       r=4;       r=2;       r=4;       r=4;       r=4;       3/n;       3/n;     -2,50;       3/n;     -2,50;       3/n;       3/n;       r=2;     -2,50;       3/n;       r=4;     -2,50;     -2,50;     -2,50;       3/n;       n=4;       n=2;     -2,50;       n=2;       r=2
avg mut/change;       1,998;     1,999;     2,000;     2,000;     3,790;     3,917;     1,794;     3,995;     3,998;     4,000;     1,748;     3,999;     1,715;     1,629;     1,984;     2,645;     2,665;     2,655;     1,604;     2,635;     2,557;     2,593;     2,983;     2,976;     2,417;     3,038;     2,492;     3,051;     3,071;     1,810;     2,681;     3,096;     2,725;     2,627;     2,708;     2,775;     3,026;     3,966;     1,957;     2,368;     1,924;     1,808
avg mut/step;         1,996;     1,998;     2,000;     2,000;     3,744;     4,461;     1,499;     3,992;     3,996;     4,000;     1,499;     3,999;     1,500;     1,501;     2,864;     2,500;     2,499;     2,499;     1,500;     2,503;     2,500;     2,501;     2,999;     3,002;     2,362;     3,000;     2,531;     2,999;     3,000;     2,192;     2,759;     3,001;     2,709;     2,825;     2,925;     2,893;     2,997;     4,557;    10,533;     2,064;   175,973;    91,539
---------
total avg count;        256;       257;       293;       310;       349;       405;       408;       412;       412;       425;       428;       436;       442;       452;       486;       491;       491;       492;       496;       534;       560;       562;       569;       570;       576;       580;       600;       614;       625;       633;       637;       650;       650;       657;       685;       700;       716;       760;     1.351;     1.596;    11.676;    12.352
avg eval count;         256;       257;       293;       310;       349;       355;       408;       412;       412;       425;       428;       436;       442;       452;       337;       491;       491;       492;       496;       534;       560;       562;       569;       570;       576;       580;       600;       614;       625;       435;       637;       650;       601;       657;       685;       700;       716;       661;       257;     1.596;       164;       267
max eval count;       1.578;     1.813;     1.633;     2.152;     3.837;     2.386;     3.514;     2.592;     3.892;     2.641;     3.692;     2.753;     3.653;     2.545;     2.905;     7.315;     3.669;     3.493;     3.607;     3.310;     4.717;     3.449;     5.683;     7.287;     8.750;     3.666;     5.284;     4.634;     4.992;     4.364;     3.512;     4.049;    10.247;     4.029;     4.741;     5.161;     7.336;    14.784;     2.799;    30.745;     1.793;     2.194
min eval count;           8;         8;         7;        15;         0;         0;         0;         7;        18;        10;         1;        21;         2;         9;         1;         1;         6;         0;        14;        10;        29;         7;         0;         1;         2;         2;         6;        10;        16;         1;        10;        20;         0;         7;        18;        24;         0;         0;         2;         0;         0;         0
---------
fails;                    0;         0;         0;         0;         0;         1;         0;         0;         0;         0;         0;         0;         0;         0;         3;         0;         0;         0;         0;         0;         0;         0;         0;         0;         0;         0;         0;         0;         0;         4;         0;         0;         1;         0;         0;         0;         0;         2;        22;         0;       231;       243
fail ratio;           0,000;     0,000;     0,000;     0,000;     0,000;     0,001;     0,000;     0,000;     0,000;     0,000;     0,000;     0,000;     0,000;     0,000;     0,003;     0,000;     0,000;     0,000;     0,000;     0,000;     0,000;     0,000;     0,000;     0,000;     0,000;     0,000;     0,000;     0,000;     0,000;     0,004;     0,000;     0,000;     0,001;     0,000;     0,000;     0,000;     0,000;     0,002;     0,022;     0,000;     0,231;     0,243
avg fail dif;            -1;        -1;        -1;        -1;        -1;       263;        -1;        -1;        -1;        -1;        -1;        -1;        -1;        -1;        27;        -1;        -1;        -1;        -1;        -1;        -1;        -1;        -1;        -1;        -1;        -1;        -1;        -1;        -1;         1;        -1;        -1;         1;        -1;        -1;        -1;        -1;        27;       243;        -1;         1;         1
---------
RLS     -> standard RLS: uniform random neighbour with Hamming Distance == 1
RLS-N   -> modified RLS: uniform random neighbour with Hamming Distance <= n
RLS-R   -> modified RLS: uniform random neighbour with Hamming Distance == x, where x is chosen uniform random from {1,...,r}
EA      -> standard EA : each bit is flipped with prob 1/n
EA-SM   -> modified EA : each bit is flipped with prob c/n
fmut    -> 1 bit flip with prob p and uniform random amount with 1-p
pmut    -> flips k random bits where k is chosen from powerlaw distribution
