Elapsed time: 0d03:48:49

number of runs;  10.000
input type;      binomial distributed (7)
---------
n value;         10.000
p;               0,100000
expected value;  1000,000000
---------
Limit per run;     100.000;  100.000;  425.860;  921.030;  100.000;  100.000;  100.000;  100.000;  100.000;  100.000;  425.860;5.409.890;  100.000;  921.030;  425.860;  921.030;  100.000;5.409.890;  100.000;  100.000;  100.000;  100.000;  100.000;  100.000;  100.000;  100.000;  100.000;5.409.890;  100.000;  100.000;  100.000;  100.000;  100.000;  100.000;  425.860;  100.000;  425.860;  100.000;  100.000;  425.860;  921.030;  921.030;  100.000;  921.030;  425.860;  921.030;5.409.890;5.409.890;5.409.890;5.409.890;  100.000;  100.000;  100.000;  100.000;  100.000;  100.000
array length;          500;    1.000;    5.000;   10.000;       20;      100;       50;    1.000;      500;      500;    5.000;   50.000;    1.000;   10.000;    5.000;   10.000;       50;   50.000;       50;      100;      100;       50;      100;       20;       50;       50;      500;   50.000;      500;    1.000;      100;      500;    1.000;    1.000;    5.000;      500;    5.000;      100;       20;    5.000;   10.000;   10.000;    1.000;   10.000;    5.000;   10.000;   50.000;   50.000;   50.000;   50.000;      100;       20;       20;       50;       20;       20
---------
algo type;           RLS-N;    RLS-N;    RLS-N;    RLS-N;    RLS-N;    RLS-R;    RLS-N;    RLS-N;    RLS-N;    RLS-R;    RLS-N;    RLS-N;    RLS-R;    RLS-N;    RLS-R;    RLS-R;    RLS-R;    RLS-N;    EA-SM;    EA-SM;     pmut;     pmut;     pmut;    EA-SM;     pmut;    EA-SM;    EA-SM;    RLS-R;     pmut;    EA-SM;    EA-SM;     pmut;     pmut;     pmut;    EA-SM;    EA-SM;     pmut;    RLS-N;    EA-SM;     pmut;    EA-SM;     pmut;    EA-SM;     pmut;    EA-SM;    EA-SM;     pmut;    EA-SM;     pmut;    EA-SM;    RLS-N;     pmut;     pmut;    RLS-N;    RLS-R;    RLS-N
algo param;            n=2;      n=2;      n=2;      n=2;      n=4;      r=2;      n=4;      n=4;      n=4;      r=2;      n=4;      n=2;      r=2;      n=4;      r=2;      r=2;      r=2;      n=4;      3/n;      3/n;     2,25;     2,00;     2,00;      4/n;     2,25;      4/n;      3/n;      r=2;     2,25;      3/n;      4/n;     2,00;     2,25;     2,00;      3/n;      4/n;     2,25;      n=2;      3/n;     2,00;      3/n;     2,25;      4/n;     2,00;      4/n;      4/n;     2,00;      3/n;     2,25;      4/n;      n=4;     2,00;     2,25;      n=2;      r=2;      n=2
avg mut/change;      1,997;    1,999;    2,000;    2,000;    3,792;    1,793;    3,920;    3,997;    3,995;    1,753;    3,999;    2,000;    1,720;    4,000;    1,631;    1,601;    1,802;    4,000;    2,974;    2,984;    2,826;    2,982;    3,284;    3,792;    2,669;    3,733;    3,028;    1,551;    3,131;    3,048;    3,742;    4,022;    3,274;    4,522;    3,090;    3,803;    3,707;    1,984;    3,024;    5,938;    3,101;    3,925;    3,839;    6,668;    3,924;    3,950;    8,689;    3,128;    4,351;    4,013;    3,964;    2,662;    2,500;    1,958;    1,818;    1,921
avg mut/step;        1,996;    1,998;    2,000;    2,000;    3,745;    1,500;    3,912;    3,996;    3,992;    1,500;    3,999;    2,000;    1,500;    4,000;    1,500;    1,500;    1,500;    4,000;    3,001;    3,001;    3,100;    3,316;    3,954;    4,001;    2,769;    4,000;    3,001;    1,500;    3,703;    3,000;    4,001;    5,513;    3,905;    6,198;    3,001;    3,999;    4,250;    1,980;    3,000;    7,793;    2,999;    4,351;    3,999;    8,447;    3,999;    3,998;   10,085;    3,001;    4,584;    3,999;    3,958;    2,519;    2,272;    1,961;    1,500;    1,905
---------
total avg count;       237;      244;      271;      291;      332;      362;      365;      375;      377;      387;      394;      394;      403;      407;      428;      455;      470;      474;      498;      502;      513;      515;      522;      525;      528;      547;      549;      551;      552;      555;      557;      563;      566;      578;      587;      595;      596;      596;      602;      602;      604;      606;      611;      611;      634;      641;      670;      672;      685;      716;      778;      881;    1.058;    2.631;   21.220;   21.704
avg eval count;        237;      244;      271;      291;      332;      362;      335;      375;      377;      387;      394;      394;      403;      407;      428;      455;      381;      474;      498;      502;      513;      515;      522;      525;      528;      547;      549;      551;      552;      555;      557;      563;      566;      578;      587;      595;      596;      317;      602;      602;      604;      606;      611;      611;      634;      641;      670;      672;      685;      716;      639;      881;    1.058;      227;      266;      158
max eval count;      2.544;    1.725;    1.675;    2.325;    8.645;    4.934;    6.297;    3.945;    3.762;    3.562;    3.639;    2.512;    4.713;    6.027;    4.645;    3.783;   11.167;    4.788;    7.096;    5.652;    5.041;   12.751;    7.703;   12.368;   10.719;    9.351;    6.432;    4.040;    5.888;    5.385;    6.187;    5.217;    6.612;    7.047;    5.917;    6.899;    6.274;    8.470;   20.353;    5.477;    5.736;    5.599;    6.817;    7.312;    6.244;    5.434;    5.970;    6.523;    5.345;    5.610;   86.399;   36.678;   61.126;    7.168;    3.155;    2.043
min eval count;          2;        0;        2;        5;        0;        0;        0;        3;        0;        0;        0;       11;        3;        2;        8;        0;        0;       10;        0;        0;        0;        0;        0;        0;        0;        0;        2;       10;        1;        2;        0;        3;        1;        3;        6;        1;        4;        0;        0;        1;        4;        5;        0;        9;        1;        3;        6;       11;        7;       21;        0;        0;        0;        0;        0;        0
---------
fails;                   0;        0;        0;        0;        0;        0;        3;        0;        0;        0;        0;        0;        0;        0;        0;        0;        9;        0;        0;        0;        0;        0;        0;        0;        0;        0;        0;        0;        0;        0;        0;        0;        0;        0;        0;        0;        0;       28;        0;        0;        0;        0;        0;        0;        0;        0;        0;        0;        0;        0;       14;        0;        0;      241;    2.101;    2.158
fail ratio;          0,000;    0,000;    0,000;    0,000;    0,000;    0,000;    0,000;    0,000;    0,000;    0,000;    0,000;    0,000;    0,000;    0,000;    0,000;    0,000;    0,001;    0,000;    0,000;    0,000;    0,000;    0,000;    0,000;    0,000;    0,000;    0,000;    0,000;    0,000;    0,000;    0,000;    0,000;    0,000;    0,000;    0,000;    0,000;    0,000;    0,000;    0,003;    0,000;    0,000;    0,000;    0,000;    0,000;    0,000;    0,000;    0,000;    0,000;    0,000;    0,000;    0,000;    0,001;    0,000;    0,000;    0,024;    0,210;    0,216
avg fail dif;           -1;       -1;       -1;       -1;       -1;       -1;      305;       -1;       -1;       -1;       -1;       -1;       -1;       -1;       -1;       -1;        1;       -1;       -1;       -1;       -1;       -1;       -1;       -1;       -1;       -1;       -1;       -1;       -1;       -1;       -1;       -1;       -1;       -1;       -1;       -1;       -1;       32;       -1;       -1;       -1;       -1;       -1;       -1;       -1;       -1;       -1;       -1;       -1;       -1;       11;       -1;       -1;      331;        1;        1
---------
RLS     -> standard RLS: uniform random neighbour with Hamming Distance == 1
RLS-N   -> modified RLS: uniform random neighbour with Hamming Distance <= n
RLS-R   -> modified RLS: uniform random neighbour with Hamming Distance == x, where x is chosen uniform random from {1,...,r}
EA      -> standard EA : each bit is flipped with prob 1/n
EA-SM   -> modified EA : each bit is flipped with prob c/n
fmut    -> 1 bit flip with prob p and uniform random amount with 1-p
pmut    -> flips k random bits where k is chosen from powerlaw distribution
