---------
Limit per run;     100.000;  100.000;  100.000;  100.000;  100.000;  100.000;  100.000;  100.000;  100.000;  100.000;  100.000;  100.000;  100.000;  100.000;  100.000;  100.000;  100.000;  100.000;  100.000;  100.000;  100.000;  100.000;  100.000;  100.000;  100.000;  100.000;  100.000;  100.000;  100.000;  100.000;  100.000;  100.000;  100.000;  100.000;  100.000;  425.860;  425.860;  425.860;  425.860;  425.860;  425.860;  425.860;  921.030;  921.030;  921.030;  921.030;  921.030;  921.030;  921.030;5.409.890;5.409.890;5.409.890;5.409.890;5.409.890;5.409.890;5.409.890
array length;           20;       20;       20;       20;       20;       20;       20;       50;       50;       50;       50;       50;       50;       50;      100;      100;      100;      100;      100;      100;      100;      500;      500;      500;      500;      500;      500;      500;    1.000;    1.000;    1.000;    1.000;    1.000;    1.000;    1.000;    5.000;    5.000;    5.000;    5.000;    5.000;    5.000;    5.000;   10.000;   10.000;   10.000;   10.000;   10.000;   10.000;   10.000;   50.000;   50.000;   50.000;   50.000;   50.000;   50.000;   50.000
---------
algo type;           RLS-N;    RLS-N;    RLS-R;    EA-SM;    EA-SM;     pmut;     pmut;    RLS-N;    RLS-N;    RLS-R;    EA-SM;    EA-SM;     pmut;     pmut;    RLS-N;    RLS-N;    RLS-R;    EA-SM;    EA-SM;     pmut;     pmut;    RLS-N;    RLS-N;    RLS-R;    EA-SM;    EA-SM;     pmut;     pmut;    RLS-N;    RLS-N;    RLS-R;    EA-SM;    EA-SM;     pmut;     pmut;    RLS-N;    RLS-N;    RLS-R;    EA-SM;    EA-SM;     pmut;     pmut;    RLS-N;    RLS-N;    RLS-R;    EA-SM;    EA-SM;     pmut;     pmut;    RLS-N;    RLS-N;    RLS-R;    EA-SM;    EA-SM;     pmut;     pmut
algo param;            n=2;      n=4;      r=2;      3/n;      4/n;     2,00;     2,25;      n=2;      n=4;      r=2;      3/n;      4/n;     2,00;     2,25;      n=2;      n=4;      r=2;      3/n;      4/n;     2,00;     2,25;      n=2;      n=4;      r=2;      3/n;      4/n;     2,00;     2,25;      n=2;      n=4;      r=2;      3/n;      4/n;     2,00;     2,25;      n=2;      n=4;      r=2;      3/n;      4/n;     2,00;     2,25;      n=2;      n=4;      r=2;      3/n;      4/n;     2,00;     2,25;      n=2;      n=4;      r=2;      3/n;      4/n;     2,00;     2,25
avg mut/change;      1,921;    3,792;    1,818;    3,024;    3,792;    2,662;    2,500;    1,958;    3,920;    1,802;    2,974;    3,733;    2,982;    2,669;    1,984;    3,964;    1,793;    2,984;    3,742;    3,284;    2,826;    1,997;    3,995;    1,753;    3,028;    3,803;    4,022;    3,131;    1,999;    3,997;    1,720;    3,048;    3,839;    4,522;    3,274;    2,000;    3,999;    1,631;    3,090;    3,924;    5,938;    3,707;    2,000;    4,000;    1,601;    3,101;    3,950;    6,668;    3,925;    2,000;    4,000;    1,551;    3,128;    4,013;    8,689;    4,351
avg mut/step;        1,905;    3,745;    1,500;    3,000;    4,001;    2,519;    2,272;    1,961;    3,912;    1,500;    3,001;    4,000;    3,316;    2,769;    1,980;    3,958;    1,500;    3,001;    4,001;    3,954;    3,100;    1,996;    3,992;    1,500;    3,001;    3,999;    5,513;    3,703;    1,998;    3,996;    1,500;    3,000;    3,999;    6,198;    3,905;    2,000;    3,999;    1,500;    3,001;    3,999;    7,793;    4,250;    2,000;    4,000;    1,500;    2,999;    3,998;    8,447;    4,351;    2,000;    4,000;    1,500;    3,001;    3,999;   10,085;    4,584
---------
total avg count;    21.704;      332;   21.220;      602;      525;      881;    1.058;    2.631;      365;      470;      498;      547;      515;      528;      596;      778;      362;      502;      557;      522;      513;      237;      377;      387;      549;      595;      563;      552;      244;      375;      403;      555;      611;      578;      566;      271;      394;      428;      587;      634;      602;      596;      291;      407;      455;      604;      641;      611;      606;      394;      474;      551;      672;      716;      670;      685
avg eval count;        158;      332;      266;      602;      525;      881;    1.058;      227;      335;      381;      498;      547;      515;      528;      317;      639;      362;      502;      557;      522;      513;      237;      377;      387;      549;      595;      563;      552;      244;      375;      403;      555;      611;      578;      566;      271;      394;      428;      587;      634;      602;      596;      291;      407;      455;      604;      641;      611;      606;      394;      474;      551;      672;      716;      670;      685
max eval count;      2.043;    8.645;    3.155;   20.353;   12.368;   36.678;   61.126;    7.168;    6.297;   11.167;    7.096;    9.351;   12.751;   10.719;    8.470;   86.399;    4.934;    5.652;    6.187;    7.703;    5.041;    2.544;    3.762;    3.562;    6.432;    6.899;    5.217;    5.888;    1.725;    3.945;    4.713;    5.385;    6.817;    7.047;    6.612;    1.675;    3.639;    4.645;    5.917;    6.244;    5.477;    6.274;    2.325;    6.027;    3.783;    5.736;    5.434;    7.312;    5.599;    2.512;    4.788;    4.040;    6.523;    5.610;    5.970;    5.345
min eval count;          0;        0;        0;        0;        0;        0;        0;        0;        0;        0;        0;        0;        0;        0;        0;        0;        0;        0;        0;        0;        0;        2;        0;        0;        2;        1;        3;        1;        0;        3;        3;        2;        0;        3;        1;        2;        0;        8;        6;        1;        1;        4;        5;        2;        0;        4;        3;        9;        5;       11;       10;       10;       11;       21;        6;        7
---------
fails;               2.158;        0;    2.101;        0;        0;        0;        0;      241;        3;        9;        0;        0;        0;        0;       28;       14;        0;        0;        0;        0;        0;        0;        0;        0;        0;        0;        0;        0;        0;        0;        0;        0;        0;        0;        0;        0;        0;        0;        0;        0;        0;        0;        0;        0;        0;        0;        0;        0;        0;        0;        0;        0;        0;        0;        0;        0
fail ratio;          0,216;    0,000;    0,210;    0,000;    0,000;    0,000;    0,000;    0,024;    0,000;    0,001;    0,000;    0,000;    0,000;    0,000;    0,003;    0,001;    0,000;    0,000;    0,000;    0,000;    0,000;    0,000;    0,000;    0,000;    0,000;    0,000;    0,000;    0,000;    0,000;    0,000;    0,000;    0,000;    0,000;    0,000;    0,000;    0,000;    0,000;    0,000;    0,000;    0,000;    0,000;    0,000;    0,000;    0,000;    0,000;    0,000;    0,000;    0,000;    0,000;    0,000;    0,000;    0,000;    0,000;    0,000;    0,000;    0,000
avg fail dif;            1;       -1;        1;       -1;       -1;       -1;       -1;      331;      305;        1;       -1;       -1;       -1;       -1;       32;       11;       -1;       -1;       -1;       -1;       -1;       -1;       -1;       -1;       -1;       -1;       -1;       -1;       -1;       -1;       -1;       -1;       -1;       -1;       -1;       -1;       -1;       -1;       -1;       -1;       -1;       -1;       -1;       -1;       -1;       -1;       -1;       -1;       -1;       -1;       -1;       -1;       -1;       -1;       -1;       -1
